467
532
GatherV2
2
17
666669
2
2050
4096
2
99
66
-------------------
534
GatherV2
2
16
666681
2
50272
4096
2
99
66
-------------------
535
Add
2
534
532
3
99
66
4096
3
99
66
4096
-------------------
536
Sum
1
535
3
99
66
4096
-------------------
539
Divide
2
536
537
2
99
66
2
99
66
-------------------
543
Subtract
2
535
539
3
99
66
4096
3
99
66
4096
-------------------
544
Multiply
2
543
543
3
99
66
4096
3
99
66
4096
-------------------
545
Sum
1
544
3
99
66
4096
-------------------
548
Divide
2
545
546
2
99
66
2
99
66
-------------------
552
Add
2
548
4146
3
99
66
1
3
99
66
1
-------------------
553
Sqrt
1
552
3
99
66
1
-------------------
556
Divide
2
543
553
3
99
66
4096
3
99
66
4096
-------------------
558
Multiply
2
556
18
3
99
66
4096
3
99
66
4096
-------------------
560
Add
2
558
28
3
99
66
4096
3
99
66
4096
-------------------
4244
Dot
2
560
4243
3
99
66
4096
2
4096
12288
-------------------
594
Add
2
23
4244
3
99
66
4096
3
99
66
4096
-------------------
563
Add
2
21
4244
3
99
66
4096
3
99
66
4096
-------------------
571
Add
2
25
4244
3
99
66
4096
3
99
66
4096
-------------------
573
Multiply
2
571
14
3
99
66
4096
3
99
66
4096
-------------------
581
BatchMatMul
2
573
563
3
3168
66
128
3
3168
128
66
-------------------
586
Add
2
581
4147
4
99
32
66
66
4
99
32
66
66
-------------------
588
Add
2
586
5
4
99
32
66
66
4
99
32
66
66
-------------------
4403
SoftmaxBasic
1
588
3
3168
66
66
-------------------
4404
SoftmaxBasic
2
588
4403
3
3168
66
66
2
3168
66
-------------------
4405
SoftmaxBasic
1
4404
3
3168
66
66
-------------------
4406
SoftmaxBasic
2
4404
4405
3
3168
66
66
2
3168
66
-------------------
602
BatchMatMul
2
4406
594
3
3168
66
66
3
3168
66
128
-------------------
607
Dot
2
602
26
3
99
66
4096
2
4096
4096
-------------------
609
Add
2
27
607
3
99
66
4096
3
99
66
4096
-------------------
610
Add
2
535
609
3
99
66
4096
3
99
66
4096
-------------------
612
Sum
1
610
2
6534
4096
-------------------
615
Divide
2
612
613
1
6534
1
6534
-------------------
619
Subtract
2
610
615
2
6534
4096
2
6534
4096
-------------------
620
Multiply
2
619
619
2
6534
4096
2
6534
4096
-------------------
621
Sum
1
620
2
6534
4096
-------------------
624
Divide
2
621
622
1
6534
1
6534
-------------------
628
Add
2
624
4148
2
6534
1
2
6534
1
-------------------
629
Sqrt
1
628
2
6534
1
-------------------
632
Divide
2
619
629
2
6534
4096
2
6534
4096
-------------------
634
Multiply
2
632
18
2
6534
4096
2
6534
4096
-------------------
636
Add
2
634
33
2
6534
4096
2
6534
4096
-------------------
637
Dot
2
636
29
2
6534
4096
2
16384
4096
-------------------
639
Add
2
637
30
2
6534
16384
2
6534
16384
-------------------
640
Relu
1
639
2
6534
16384
-------------------
641
Dot
2
640
31
2
6534
16384
2
4096
16384
-------------------
643
Add
2
641
32
2
6534
4096
2
6534
4096
-------------------
644
Add
2
610
643
2
6534
4096
2
6534
4096
-------------------
646
Sum
1
644
3
99
66
4096
-------------------
649
Divide
2
646
647
2
99
66
2
99
66
-------------------
653
Subtract
2
644
649
3
99
66
4096
3
99
66
4096
-------------------
654
Multiply
2
653
653
3
99
66
4096
3
99
66
4096
-------------------
655
Sum
1
654
3
99
66
4096
-------------------
658
Divide
2
655
656
2
99
66
2
99
66
-------------------
662
Add
2
658
4149
3
99
66
1
3
99
66
1
-------------------
663
Sqrt
1
662
3
99
66
1
-------------------
666
Divide
2
653
663
3
99
66
4096
3
99
66
4096
-------------------
668
Multiply
2
666
18
3
99
66
4096
3
99
66
4096
-------------------
670
Add
2
668
42
3
99
66
4096
3
99
66
4096
-------------------
4249
Dot
2
670
4248
3
99
66
4096
2
4096
12288
-------------------
704
Add
2
37
4249
3
99
66
4096
3
99
66
4096
-------------------
673
Add
2
35
4249
3
99
66
4096
3
99
66
4096
-------------------
681
Add
2
39
4249
3
99
66
4096
3
99
66
4096
-------------------
683
Multiply
2
681
14
3
99
66
4096
3
99
66
4096
-------------------
691
BatchMatMul
2
683
673
3
3168
66
128
3
3168
128
66
-------------------
696
Add
2
691
4150
4
99
32
66
66
4
99
32
66
66
-------------------
698
Add
2
696
5
4
99
32
66
66
4
99
32
66
66
-------------------
4407
SoftmaxBasic
1
698
3
3168
66
66
-------------------
4408
SoftmaxBasic
2
698
4407
3
3168
66
66
2
3168
66
-------------------
4409
SoftmaxBasic
1
4408
3
3168
66
66
-------------------
4410
SoftmaxBasic
2
4408
4409
3
3168
66
66
2
3168
66
-------------------
712
BatchMatMul
2
4410
704
3
3168
66
66
3
3168
66
128
-------------------
717
Dot
2
712
40
3
99
66
4096
2
4096
4096
-------------------
719
Add
2
41
717
3
99
66
4096
3
99
66
4096
-------------------
720
Add
2
644
719
3
99
66
4096
3
99
66
4096
-------------------
722
Sum
1
720
2
6534
4096
-------------------
725
Divide
2
722
723
1
6534
1
6534
-------------------
729
Subtract
2
720
725
2
6534
4096
2
6534
4096
-------------------
730
Multiply
2
729
729
2
6534
4096
2
6534
4096
-------------------
731
Sum
1
730
2
6534
4096
-------------------
734
Divide
2
731
732
1
6534
1
6534
-------------------
738
Add
2
734
4151
2
6534
1
2
6534
1
-------------------
739
Sqrt
1
738
2
6534
1
-------------------
742
Divide
2
729
739
2
6534
4096
2
6534
4096
-------------------
744
Multiply
2
742
18
2
6534
4096
2
6534
4096
-------------------
746
Add
2
744
47
2
6534
4096
2
6534
4096
-------------------
747
Dot
2
746
43
2
6534
4096
2
16384
4096
-------------------
749
Add
2
747
44
2
6534
16384
2
6534
16384
-------------------
750
Relu
1
749
2
6534
16384
-------------------
751
Dot
2
750
45
2
6534
16384
2
4096
16384
-------------------
753
Add
2
751
46
2
6534
4096
2
6534
4096
-------------------
754
Add
2
720
753
2
6534
4096
2
6534
4096
-------------------
756
Sum
1
754
3
99
66
4096
-------------------
759
Divide
2
756
757
2
99
66
2
99
66
-------------------
763
Subtract
2
754
759
3
99
66
4096
3
99
66
4096
-------------------
764
Multiply
2
763
763
3
99
66
4096
3
99
66
4096
-------------------
765
Sum
1
764
3
99
66
4096
-------------------
768
Divide
2
765
766
2
99
66
2
99
66
-------------------
772
Add
2
768
4152
3
99
66
1
3
99
66
1
-------------------
773
Sqrt
1
772
3
99
66
1
-------------------
776
Divide
2
763
773
3
99
66
4096
3
99
66
4096
-------------------
778
Multiply
2
776
18
3
99
66
4096
3
99
66
4096
-------------------
780
Add
2
778
56
3
99
66
4096
3
99
66
4096
-------------------
4254
Dot
2
780
4253
3
99
66
4096
2
4096
12288
-------------------
814
Add
2
51
4254
3
99
66
4096
3
99
66
4096
-------------------
783
Add
2
49
4254
3
99
66
4096
3
99
66
4096
-------------------
791
Add
2
53
4254
3
99
66
4096
3
99
66
4096
-------------------
793
Multiply
2
791
14
3
99
66
4096
3
99
66
4096
-------------------
801
BatchMatMul
2
793
783
3
3168
66
128
3
3168
128
66
-------------------
806
Add
2
801
4153
4
99
32
66
66
4
99
32
66
66
-------------------
808
Add
2
806
5
4
99
32
66
66
4
99
32
66
66
-------------------
4411
SoftmaxBasic
1
808
3
3168
66
66
-------------------
4412
SoftmaxBasic
2
808
4411
3
3168
66
66
2
3168
66
-------------------
4413
SoftmaxBasic
1
4412
3
3168
66
66
-------------------
4414
SoftmaxBasic
2
4412
4413
3
3168
66
66
2
3168
66
-------------------
822
BatchMatMul
2
4414
814
3
3168
66
66
3
3168
66
128
-------------------
827
Dot
2
822
54
3
99
66
4096
2
4096
4096
-------------------
829
Add
2
55
827
3
99
66
4096
3
99
66
4096
-------------------
830
Add
2
754
829
3
99
66
4096
3
99
66
4096
-------------------
832
Sum
1
830
2
6534
4096
-------------------
835
Divide
2
832
833
1
6534
1
6534
-------------------
839
Subtract
2
830
835
2
6534
4096
2
6534
4096
-------------------
840
Multiply
2
839
839
2
6534
4096
2
6534
4096
-------------------
841
Sum
1
840
2
6534
4096
-------------------
844
Divide
2
841
842
1
6534
1
6534
-------------------
848
Add
2
844
4154
2
6534
1
2
6534
1
-------------------
849
Sqrt
1
848
2
6534
1
-------------------
852
Divide
2
839
849
2
6534
4096
2
6534
4096
-------------------
854
Multiply
2
852
18
2
6534
4096
2
6534
4096
-------------------
856
Add
2
854
61
2
6534
4096
2
6534
4096
-------------------
857
Dot
2
856
57
2
6534
4096
2
16384
4096
-------------------
859
Add
2
857
58
2
6534
16384
2
6534
16384
-------------------
860
Relu
1
859
2
6534
16384
-------------------
861
Dot
2
860
59
2
6534
16384
2
4096
16384
-------------------
863
Add
2
861
60
2
6534
4096
2
6534
4096
-------------------
864
Add
2
830
863
2
6534
4096
2
6534
4096
-------------------
866
Sum
1
864
3
99
66
4096
-------------------
869
Divide
2
866
867
2
99
66
2
99
66
-------------------
873
Subtract
2
864
869
3
99
66
4096
3
99
66
4096
-------------------
874
Multiply
2
873
873
3
99
66
4096
3
99
66
4096
-------------------
875
Sum
1
874
3
99
66
4096
-------------------
878
Divide
2
875
876
2
99
66
2
99
66
-------------------
882
Add
2
878
4155
3
99
66
1
3
99
66
1
-------------------
883
Sqrt
1
882
3
99
66
1
-------------------
886
Divide
2
873
883
3
99
66
4096
3
99
66
4096
-------------------
888
Multiply
2
886
18
3
99
66
4096
3
99
66
4096
-------------------
890
Add
2
888
70
3
99
66
4096
3
99
66
4096
-------------------
4259
Dot
2
890
4258
3
99
66
4096
2
4096
12288
-------------------
924
Add
2
65
4259
3
99
66
4096
3
99
66
4096
-------------------
893
Add
2
63
4259
3
99
66
4096
3
99
66
4096
-------------------
901
Add
2
67
4259
3
99
66
4096
3
99
66
4096
-------------------
903
Multiply
2
901
14
3
99
66
4096
3
99
66
4096
-------------------
911
BatchMatMul
2
903
893
3
3168
66
128
3
3168
128
66
-------------------
916
Add
2
911
4157
4
99
32
66
66
4
99
32
66
66
-------------------
918
Add
2
916
5
4
99
32
66
66
4
99
32
66
66
-------------------
4415
SoftmaxBasic
1
918
3
3168
66
66
-------------------
4416
SoftmaxBasic
2
918
4415
3
3168
66
66
2
3168
66
-------------------
4417
SoftmaxBasic
1
4416
3
3168
66
66
-------------------
4418
SoftmaxBasic
2
4416
4417
3
3168
66
66
2
3168
66
-------------------
932
BatchMatMul
2
4418
924
3
3168
66
66
3
3168
66
128
-------------------
937
Dot
2
932
68
3
99
66
4096
2
4096
4096
-------------------
939
Add
2
69
937
3
99
66
4096
3
99
66
4096
-------------------
940
Add
2
864
939
3
99
66
4096
3
99
66
4096
-------------------
942
Sum
1
940
2
6534
4096
-------------------
945
Divide
2
942
943
1
6534
1
6534
-------------------
949
Subtract
2
940
945
2
6534
4096
2
6534
4096
-------------------
950
Multiply
2
949
949
2
6534
4096
2
6534
4096
-------------------
951
Sum
1
950
2
6534
4096
-------------------
954
Divide
2
951
952
1
6534
1
6534
-------------------
958
Add
2
954
4158
2
6534
1
2
6534
1
-------------------
959
Sqrt
1
958
2
6534
1
-------------------
962
Divide
2
949
959
2
6534
4096
2
6534
4096
-------------------
964
Multiply
2
962
18
2
6534
4096
2
6534
4096
-------------------
966
Add
2
964
75
2
6534
4096
2
6534
4096
-------------------
967
Dot
2
966
71
2
6534
4096
2
16384
4096
-------------------
969
Add
2
967
72
2
6534
16384
2
6534
16384
-------------------
970
Relu
1
969
2
6534
16384
-------------------
971
Dot
2
970
73
2
6534
16384
2
4096
16384
-------------------
973
Add
2
971
74
2
6534
4096
2
6534
4096
-------------------
974
Add
2
940
973
2
6534
4096
2
6534
4096
-------------------
976
Sum
1
974
3
99
66
4096
-------------------
979
Divide
2
976
977
2
99
66
2
99
66
-------------------
983
Subtract
2
974
979
3
99
66
4096
3
99
66
4096
-------------------
984
Multiply
2
983
983
3
99
66
4096
3
99
66
4096
-------------------
985
Sum
1
984
3
99
66
4096
-------------------
988
Divide
2
985
986
2
99
66
2
99
66
-------------------
992
Add
2
988
4159
3
99
66
1
3
99
66
1
-------------------
993
Sqrt
1
992
3
99
66
1
-------------------
996
Divide
2
983
993
3
99
66
4096
3
99
66
4096
-------------------
998
Multiply
2
996
18
3
99
66
4096
3
99
66
4096
-------------------
1000
Add
2
998
84
3
99
66
4096
3
99
66
4096
-------------------
4264
Dot
2
1000
4263
3
99
66
4096
2
4096
12288
-------------------
1034
Add
2
79
4264
3
99
66
4096
3
99
66
4096
-------------------
1003
Add
2
77
4264
3
99
66
4096
3
99
66
4096
-------------------
1011
Add
2
81
4264
3
99
66
4096
3
99
66
4096
-------------------
1013
Multiply
2
1011
14
3
99
66
4096
3
99
66
4096
-------------------
1021
BatchMatMul
2
1013
1003
3
3168
66
128
3
3168
128
66
-------------------
1026
Add
2
1021
4160
4
99
32
66
66
4
99
32
66
66
-------------------
1028
Add
2
1026
5
4
99
32
66
66
4
99
32
66
66
-------------------
4419
SoftmaxBasic
1
1028
3
3168
66
66
-------------------
4420
SoftmaxBasic
2
1028
4419
3
3168
66
66
2
3168
66
-------------------
4421
SoftmaxBasic
1
4420
3
3168
66
66
-------------------
4422
SoftmaxBasic
2
4420
4421
3
3168
66
66
2
3168
66
-------------------
1042
BatchMatMul
2
4422
1034
3
3168
66
66
3
3168
66
128
-------------------
1047
Dot
2
1042
82
3
99
66
4096
2
4096
4096
-------------------
1049
Add
2
83
1047
3
99
66
4096
3
99
66
4096
-------------------
1050
Add
2
974
1049
3
99
66
4096
3
99
66
4096
-------------------
1052
Sum
1
1050
2
6534
4096
-------------------
1055
Divide
2
1052
1053
1
6534
1
6534
-------------------
1059
Subtract
2
1050
1055
2
6534
4096
2
6534
4096
-------------------
1060
Multiply
2
1059
1059
2
6534
4096
2
6534
4096
-------------------
1061
Sum
1
1060
2
6534
4096
-------------------
1064
Divide
2
1061
1062
1
6534
1
6534
-------------------
1068
Add
2
1064
4162
2
6534
1
2
6534
1
-------------------
1069
Sqrt
1
1068
2
6534
1
-------------------
1072
Divide
2
1059
1069
2
6534
4096
2
6534
4096
-------------------
1074
Multiply
2
1072
18
2
6534
4096
2
6534
4096
-------------------
1076
Add
2
1074
89
2
6534
4096
2
6534
4096
-------------------
1077
Dot
2
1076
85
2
6534
4096
2
16384
4096
-------------------
1079
Add
2
1077
86
2
6534
16384
2
6534
16384
-------------------
1080
Relu
1
1079
2
6534
16384
-------------------
1081
Dot
2
1080
87
2
6534
16384
2
4096
16384
-------------------
1083
Add
2
1081
88
2
6534
4096
2
6534
4096
-------------------
1084
Add
2
1050
1083
2
6534
4096
2
6534
4096
-------------------
1086
Sum
1
1084
3
99
66
4096
-------------------
1089
Divide
2
1086
1087
2
99
66
2
99
66
-------------------
1093
Subtract
2
1084
1089
3
99
66
4096
3
99
66
4096
-------------------
1094
Multiply
2
1093
1093
3
99
66
4096
3
99
66
4096
-------------------
1095
Sum
1
1094
3
99
66
4096
-------------------
1098
Divide
2
1095
1096
2
99
66
2
99
66
-------------------
1102
Add
2
1098
4163
3
99
66
1
3
99
66
1
-------------------
1103
Sqrt
1
1102
3
99
66
1
-------------------
1106
Divide
2
1093
1103
3
99
66
4096
3
99
66
4096
-------------------
1108
Multiply
2
1106
18
3
99
66
4096
3
99
66
4096
-------------------
1110
Add
2
1108
98
3
99
66
4096
3
99
66
4096
-------------------
4269
Dot
2
1110
4268
3
99
66
4096
2
4096
12288
-------------------
1144
Add
2
93
4269
3
99
66
4096
3
99
66
4096
-------------------
1113
Add
2
91
4269
3
99
66
4096
3
99
66
4096
-------------------
1121
Add
2
95
4269
3
99
66
4096
3
99
66
4096
-------------------
1123
Multiply
2
1121
14
3
99
66
4096
3
99
66
4096
-------------------
1131
BatchMatMul
2
1123
1113
3
3168
66
128
3
3168
128
66
-------------------
1136
Add
2
1131
4164
4
99
32
66
66
4
99
32
66
66
-------------------
1138
Add
2
1136
5
4
99
32
66
66
4
99
32
66
66
-------------------
4423
SoftmaxBasic
1
1138
3
3168
66
66
-------------------
4424
SoftmaxBasic
2
1138
4423
3
3168
66
66
2
3168
66
-------------------
4425
SoftmaxBasic
1
4424
3
3168
66
66
-------------------
4426
SoftmaxBasic
2
4424
4425
3
3168
66
66
2
3168
66
-------------------
1152
BatchMatMul
2
4426
1144
3
3168
66
66
3
3168
66
128
-------------------
1157
Dot
2
1152
96
3
99
66
4096
2
4096
4096
-------------------
1159
Add
2
97
1157
3
99
66
4096
3
99
66
4096
-------------------
1160
Add
2
1084
1159
3
99
66
4096
3
99
66
4096
-------------------
1162
Sum
1
1160
2
6534
4096
-------------------
1165
Divide
2
1162
1163
1
6534
1
6534
-------------------
1169
Subtract
2
1160
1165
2
6534
4096
2
6534
4096
-------------------
1170
Multiply
2
1169
1169
2
6534
4096
2
6534
4096
-------------------
1171
Sum
1
1170
2
6534
4096
-------------------
1174
Divide
2
1171
1172
1
6534
1
6534
-------------------
1178
Add
2
1174
4165
2
6534
1
2
6534
1
-------------------
1179
Sqrt
1
1178
2
6534
1
-------------------
1182
Divide
2
1169
1179
2
6534
4096
2
6534
4096
-------------------
1184
Multiply
2
1182
18
2
6534
4096
2
6534
4096
-------------------
1186
Add
2
1184
103
2
6534
4096
2
6534
4096
-------------------
1187
Dot
2
1186
99
2
6534
4096
2
16384
4096
-------------------
1189
Add
2
1187
100
2
6534
16384
2
6534
16384
-------------------
1190
Relu
1
1189
2
6534
16384
-------------------
1191
Dot
2
1190
101
2
6534
16384
2
4096
16384
-------------------
1193
Add
2
1191
102
2
6534
4096
2
6534
4096
-------------------
1194
Add
2
1160
1193
2
6534
4096
2
6534
4096
-------------------
1196
Sum
1
1194
3
99
66
4096
-------------------
1199
Divide
2
1196
1197
2
99
66
2
99
66
-------------------
1203
Subtract
2
1194
1199
3
99
66
4096
3
99
66
4096
-------------------
1204
Multiply
2
1203
1203
3
99
66
4096
3
99
66
4096
-------------------
1205
Sum
1
1204
3
99
66
4096
-------------------
1208
Divide
2
1205
1206
2
99
66
2
99
66
-------------------
1212
Add
2
1208
4166
3
99
66
1
3
99
66
1
-------------------
1213
Sqrt
1
1212
3
99
66
1
-------------------
1216
Divide
2
1203
1213
3
99
66
4096
3
99
66
4096
-------------------
1218
Multiply
2
1216
18
3
99
66
4096
3
99
66
4096
-------------------
1220
Add
2
1218
112
3
99
66
4096
3
99
66
4096
-------------------
4274
Dot
2
1220
4273
3
99
66
4096
2
4096
12288
-------------------
1254
Add
2
107
4274
3
99
66
4096
3
99
66
4096
-------------------
1223
Add
2
105
4274
3
99
66
4096
3
99
66
4096
-------------------
1231
Add
2
109
4274
3
99
66
4096
3
99
66
4096
-------------------
1233
Multiply
2
1231
14
3
99
66
4096
3
99
66
4096
-------------------
1241
BatchMatMul
2
1233
1223
3
3168
66
128
3
3168
128
66
-------------------
1246
Add
2
1241
4167
4
99
32
66
66
4
99
32
66
66
-------------------
1248
Add
2
1246
5
4
99
32
66
66
4
99
32
66
66
-------------------
4427
SoftmaxBasic
1
1248
3
3168
66
66
-------------------
4428
SoftmaxBasic
2
1248
4427
3
3168
66
66
2
3168
66
-------------------
4429
SoftmaxBasic
1
4428
3
3168
66
66
-------------------
4430
SoftmaxBasic
2
4428
4429
3
3168
66
66
2
3168
66
-------------------
1262
BatchMatMul
2
4430
1254
3
3168
66
66
3
3168
66
128
-------------------
1267
Dot
2
1262
110
3
99
66
4096
2
4096
4096
-------------------
1269
Add
2
111
1267
3
99
66
4096
3
99
66
4096
-------------------
1270
Add
2
1194
1269
3
99
66
4096
3
99
66
4096
-------------------
1272
Sum
1
1270
2
6534
4096
-------------------
1275
Divide
2
1272
1273
1
6534
1
6534
-------------------
1279
Subtract
2
1270
1275
2
6534
4096
2
6534
4096
-------------------
1280
Multiply
2
1279
1279
2
6534
4096
2
6534
4096
-------------------
1281
Sum
1
1280
2
6534
4096
-------------------
1284
Divide
2
1281
1282
1
6534
1
6534
-------------------
1288
Add
2
1284
4156
2
6534
1
2
6534
1
-------------------
1289
Sqrt
1
1288
2
6534
1
-------------------
1292
Divide
2
1279
1289
2
6534
4096
2
6534
4096
-------------------
1294
Multiply
2
1292
18
2
6534
4096
2
6534
4096
-------------------
1296
Add
2
1294
117
2
6534
4096
2
6534
4096
-------------------
1297
Dot
2
1296
113
2
6534
4096
2
16384
4096
-------------------
1299
Add
2
1297
114
2
6534
16384
2
6534
16384
-------------------
1300
Relu
1
1299
2
6534
16384
-------------------
1301
Dot
2
1300
115
2
6534
16384
2
4096
16384
-------------------
1303
Add
2
1301
116
2
6534
4096
2
6534
4096
-------------------
1304
Add
2
1270
1303
2
6534
4096
2
6534
4096
-------------------
1306
Sum
1
1304
3
99
66
4096
-------------------
1309
Divide
2
1306
1307
2
99
66
2
99
66
-------------------
1313
Subtract
2
1304
1309
3
99
66
4096
3
99
66
4096
-------------------
1314
Multiply
2
1313
1313
3
99
66
4096
3
99
66
4096
-------------------
1315
Sum
1
1314
3
99
66
4096
-------------------
1318
Divide
2
1315
1316
2
99
66
2
99
66
-------------------
1322
Add
2
1318
4169
3
99
66
1
3
99
66
1
-------------------
1323
Sqrt
1
1322
3
99
66
1
-------------------
1326
Divide
2
1313
1323
3
99
66
4096
3
99
66
4096
-------------------
1328
Multiply
2
1326
18
3
99
66
4096
3
99
66
4096
-------------------
1330
Add
2
1328
126
3
99
66
4096
3
99
66
4096
-------------------
4279
Dot
2
1330
4278
3
99
66
4096
2
4096
12288
-------------------
1364
Add
2
121
4279
3
99
66
4096
3
99
66
4096
-------------------
1333
Add
2
119
4279
3
99
66
4096
3
99
66
4096
-------------------
1341
Add
2
123
4279
3
99
66
4096
3
99
66
4096
-------------------
1343
Multiply
2
1341
14
3
99
66
4096
3
99
66
4096
-------------------
1351
BatchMatMul
2
1343
1333
3
3168
66
128
3
3168
128
66
-------------------
1356
Add
2
1351
4170
4
99
32
66
66
4
99
32
66
66
-------------------
1358
Add
2
1356
5
4
99
32
66
66
4
99
32
66
66
-------------------
4431
SoftmaxBasic
1
1358
3
3168
66
66
-------------------
4432
SoftmaxBasic
2
1358
4431
3
3168
66
66
2
3168
66
-------------------
4433
SoftmaxBasic
1
4432
3
3168
66
66
-------------------
4434
SoftmaxBasic
2
4432
4433
3
3168
66
66
2
3168
66
-------------------
1372
BatchMatMul
2
4434
1364
3
3168
66
66
3
3168
66
128
-------------------
1377
Dot
2
1372
124
3
99
66
4096
2
4096
4096
-------------------
1379
Add
2
125
1377
3
99
66
4096
3
99
66
4096
-------------------
1380
Add
2
1304
1379
3
99
66
4096
3
99
66
4096
-------------------
1382
Sum
1
1380
2
6534
4096
-------------------
1385
Divide
2
1382
1383
1
6534
1
6534
-------------------
1389
Subtract
2
1380
1385
2
6534
4096
2
6534
4096
-------------------
1390
Multiply
2
1389
1389
2
6534
4096
2
6534
4096
-------------------
1391
Sum
1
1390
2
6534
4096
-------------------
1394
Divide
2
1391
1392
1
6534
1
6534
-------------------
1398
Add
2
1394
4171
2
6534
1
2
6534
1
-------------------
1399
Sqrt
1
1398
2
6534
1
-------------------
1402
Divide
2
1389
1399
2
6534
4096
2
6534
4096
-------------------
1404
Multiply
2
1402
18
2
6534
4096
2
6534
4096
-------------------
1406
Add
2
1404
131
2
6534
4096
2
6534
4096
-------------------
1407
Dot
2
1406
127
2
6534
4096
2
16384
4096
-------------------
1409
Add
2
1407
128
2
6534
16384
2
6534
16384
-------------------
1410
Relu
1
1409
2
6534
16384
-------------------
1411
Dot
2
1410
129
2
6534
16384
2
4096
16384
-------------------
1413
Add
2
1411
130
2
6534
4096
2
6534
4096
-------------------
1414
Add
2
1380
1413
2
6534
4096
2
6534
4096
-------------------
1416
Sum
1
1414
3
99
66
4096
-------------------
1419
Divide
2
1416
1417
2
99
66
2
99
66
-------------------
1423
Subtract
2
1414
1419
3
99
66
4096
3
99
66
4096
-------------------
1424
Multiply
2
1423
1423
3
99
66
4096
3
99
66
4096
-------------------
1425
Sum
1
1424
3
99
66
4096
-------------------
1428
Divide
2
1425
1426
2
99
66
2
99
66
-------------------
1432
Add
2
1428
4172
3
99
66
1
3
99
66
1
-------------------
1433
Sqrt
1
1432
3
99
66
1
-------------------
1436
Divide
2
1423
1433
3
99
66
4096
3
99
66
4096
-------------------
1438
Multiply
2
1436
18
3
99
66
4096
3
99
66
4096
-------------------
1440
Add
2
1438
140
3
99
66
4096
3
99
66
4096
-------------------
4284
Dot
2
1440
4283
3
99
66
4096
2
4096
12288
-------------------
1474
Add
2
135
4284
3
99
66
4096
3
99
66
4096
-------------------
1443
Add
2
133
4284
3
99
66
4096
3
99
66
4096
-------------------
1451
Add
2
137
4284
3
99
66
4096
3
99
66
4096
-------------------
1453
Multiply
2
1451
14
3
99
66
4096
3
99
66
4096
-------------------
1461
BatchMatMul
2
1453
1443
3
3168
66
128
3
3168
128
66
-------------------
1466
Add
2
1461
4173
4
99
32
66
66
4
99
32
66
66
-------------------
1468
Add
2
1466
5
4
99
32
66
66
4
99
32
66
66
-------------------
4435
SoftmaxBasic
1
1468
3
3168
66
66
-------------------
4436
SoftmaxBasic
2
1468
4435
3
3168
66
66
2
3168
66
-------------------
4437
SoftmaxBasic
1
4436
3
3168
66
66
-------------------
4438
SoftmaxBasic
2
4436
4437
3
3168
66
66
2
3168
66
-------------------
1482
BatchMatMul
2
4438
1474
3
3168
66
66
3
3168
66
128
-------------------
1487
Dot
2
1482
138
3
99
66
4096
2
4096
4096
-------------------
1489
Add
2
139
1487
3
99
66
4096
3
99
66
4096
-------------------
1490
Add
2
1414
1489
3
99
66
4096
3
99
66
4096
-------------------
1492
Sum
1
1490
2
6534
4096
-------------------
1495
Divide
2
1492
1493
1
6534
1
6534
-------------------
1499
Subtract
2
1490
1495
2
6534
4096
2
6534
4096
-------------------
1500
Multiply
2
1499
1499
2
6534
4096
2
6534
4096
-------------------
1501
Sum
1
1500
2
6534
4096
-------------------
1504
Divide
2
1501
1502
1
6534
1
6534
-------------------
1508
Add
2
1504
4174
2
6534
1
2
6534
1
-------------------
1509
Sqrt
1
1508
2
6534
1
-------------------
1512
Divide
2
1499
1509
2
6534
4096
2
6534
4096
-------------------
1514
Multiply
2
1512
18
2
6534
4096
2
6534
4096
-------------------
1516
Add
2
1514
145
2
6534
4096
2
6534
4096
-------------------
1517
Dot
2
1516
141
2
6534
4096
2
16384
4096
-------------------
1519
Add
2
1517
142
2
6534
16384
2
6534
16384
-------------------
1520
Relu
1
1519
2
6534
16384
-------------------
1521
Dot
2
1520
143
2
6534
16384
2
4096
16384
-------------------
1523
Add
2
1521
144
2
6534
4096
2
6534
4096
-------------------
1524
Add
2
1490
1523
2
6534
4096
2
6534
4096
-------------------
1526
Sum
1
1524
3
99
66
4096
-------------------
1529
Divide
2
1526
1527
2
99
66
2
99
66
-------------------
1533
Subtract
2
1524
1529
3
99
66
4096
3
99
66
4096
-------------------
1534
Multiply
2
1533
1533
3
99
66
4096
3
99
66
4096
-------------------
1535
Sum
1
1534
3
99
66
4096
-------------------
1538
Divide
2
1535
1536
2
99
66
2
99
66
-------------------
1542
Add
2
1538
4175
3
99
66
1
3
99
66
1
-------------------
1543
Sqrt
1
1542
3
99
66
1
-------------------
1546
Divide
2
1533
1543
3
99
66
4096
3
99
66
4096
-------------------
1548
Multiply
2
1546
18
3
99
66
4096
3
99
66
4096
-------------------
1550
Add
2
1548
154
3
99
66
4096
3
99
66
4096
-------------------
4289
Dot
2
1550
4288
3
99
66
4096
2
4096
12288
-------------------
1584
Add
2
149
4289
3
99
66
4096
3
99
66
4096
-------------------
1553
Add
2
147
4289
3
99
66
4096
3
99
66
4096
-------------------
1561
Add
2
151
4289
3
99
66
4096
3
99
66
4096
-------------------
1563
Multiply
2
1561
14
3
99
66
4096
3
99
66
4096
-------------------
1571
BatchMatMul
2
1563
1553
3
3168
66
128
3
3168
128
66
-------------------
1576
Add
2
1571
4176
4
99
32
66
66
4
99
32
66
66
-------------------
1578
Add
2
1576
5
4
99
32
66
66
4
99
32
66
66
-------------------
4439
SoftmaxBasic
1
1578
3
3168
66
66
-------------------
4440
SoftmaxBasic
2
1578
4439
3
3168
66
66
2
3168
66
-------------------
4441
SoftmaxBasic
1
4440
3
3168
66
66
-------------------
4442
SoftmaxBasic
2
4440
4441
3
3168
66
66
2
3168
66
-------------------
1592
BatchMatMul
2
4442
1584
3
3168
66
66
3
3168
66
128
-------------------
1597
Dot
2
1592
152
3
99
66
4096
2
4096
4096
-------------------
1599
Add
2
153
1597
3
99
66
4096
3
99
66
4096
-------------------
1600
Add
2
1524
1599
3
99
66
4096
3
99
66
4096
-------------------
1602
Sum
1
1600
2
6534
4096
-------------------
1605
Divide
2
1602
1603
1
6534
1
6534
-------------------
1609
Subtract
2
1600
1605
2
6534
4096
2
6534
4096
-------------------
1610
Multiply
2
1609
1609
2
6534
4096
2
6534
4096
-------------------
1611
Sum
1
1610
2
6534
4096
-------------------
1614
Divide
2
1611
1612
1
6534
1
6534
-------------------
1618
Add
2
1614
4177
2
6534
1
2
6534
1
-------------------
1619
Sqrt
1
1618
2
6534
1
-------------------
1622
Divide
2
1609
1619
2
6534
4096
2
6534
4096
-------------------
1624
Multiply
2
1622
18
2
6534
4096
2
6534
4096
-------------------
1626
Add
2
1624
159
2
6534
4096
2
6534
4096
-------------------
1627
Dot
2
1626
155
2
6534
4096
2
16384
4096
-------------------
1629
Add
2
1627
156
2
6534
16384
2
6534
16384
-------------------
1630
Relu
1
1629
2
6534
16384
-------------------
1631
Dot
2
1630
157
2
6534
16384
2
4096
16384
-------------------
1633
Add
2
1631
158
2
6534
4096
2
6534
4096
-------------------
1634
Add
2
1600
1633
2
6534
4096
2
6534
4096
-------------------
1636
Sum
1
1634
3
99
66
4096
-------------------
1639
Divide
2
1636
1637
2
99
66
2
99
66
-------------------
1643
Subtract
2
1634
1639
3
99
66
4096
3
99
66
4096
-------------------
1644
Multiply
2
1643
1643
3
99
66
4096
3
99
66
4096
-------------------
1645
Sum
1
1644
3
99
66
4096
-------------------
1648
Divide
2
1645
1646
2
99
66
2
99
66
-------------------
1652
Add
2
1648
4178
3
99
66
1
3
99
66
1
-------------------
1653
Sqrt
1
1652
3
99
66
1
-------------------
1656
Divide
2
1643
1653
3
99
66
4096
3
99
66
4096
-------------------
1658
Multiply
2
1656
18
3
99
66
4096
3
99
66
4096
-------------------
1660
Add
2
1658
168
3
99
66
4096
3
99
66
4096
-------------------
4294
Dot
2
1660
4293
3
99
66
4096
2
4096
12288
-------------------
1694
Add
2
163
4294
3
99
66
4096
3
99
66
4096
-------------------
1663
Add
2
161
4294
3
99
66
4096
3
99
66
4096
-------------------
1671
Add
2
165
4294
3
99
66
4096
3
99
66
4096
-------------------
1673
Multiply
2
1671
14
3
99
66
4096
3
99
66
4096
-------------------
1681
BatchMatMul
2
1673
1663
3
3168
66
128
3
3168
128
66
-------------------
1686
Add
2
1681
4179
4
99
32
66
66
4
99
32
66
66
-------------------
1688
Add
2
1686
5
4
99
32
66
66
4
99
32
66
66
-------------------
4443
SoftmaxBasic
1
1688
3
3168
66
66
-------------------
4444
SoftmaxBasic
2
1688
4443
3
3168
66
66
2
3168
66
-------------------
4445
SoftmaxBasic
1
4444
3
3168
66
66
-------------------
4446
SoftmaxBasic
2
4444
4445
3
3168
66
66
2
3168
66
-------------------
1702
BatchMatMul
2
4446
1694
3
3168
66
66
3
3168
66
128
-------------------
1707
Dot
2
1702
166
3
99
66
4096
2
4096
4096
-------------------
1709
Add
2
167
1707
3
99
66
4096
3
99
66
4096
-------------------
1710
Add
2
1634
1709
3
99
66
4096
3
99
66
4096
-------------------
1712
Sum
1
1710
2
6534
4096
-------------------
1715
Divide
2
1712
1713
1
6534
1
6534
-------------------
1719
Subtract
2
1710
1715
2
6534
4096
2
6534
4096
-------------------
1720
Multiply
2
1719
1719
2
6534
4096
2
6534
4096
-------------------
1721
Sum
1
1720
2
6534
4096
-------------------
1724
Divide
2
1721
1722
1
6534
1
6534
-------------------
1728
Add
2
1724
4180
2
6534
1
2
6534
1
-------------------
1729
Sqrt
1
1728
2
6534
1
-------------------
1732
Divide
2
1719
1729
2
6534
4096
2
6534
4096
-------------------
1734
Multiply
2
1732
18
2
6534
4096
2
6534
4096
-------------------
1736
Add
2
1734
173
2
6534
4096
2
6534
4096
-------------------
1737
Dot
2
1736
169
2
6534
4096
2
16384
4096
-------------------
1739
Add
2
1737
170
2
6534
16384
2
6534
16384
-------------------
1740
Relu
1
1739
2
6534
16384
-------------------
1741
Dot
2
1740
171
2
6534
16384
2
4096
16384
-------------------
1743
Add
2
1741
172
2
6534
4096
2
6534
4096
-------------------
1744
Add
2
1710
1743
2
6534
4096
2
6534
4096
-------------------
1746
Sum
1
1744
3
99
66
4096
-------------------
1749
Divide
2
1746
1747
2
99
66
2
99
66
-------------------
1753
Subtract
2
1744
1749
3
99
66
4096
3
99
66
4096
-------------------
1754
Multiply
2
1753
1753
3
99
66
4096
3
99
66
4096
-------------------
1755
Sum
1
1754
3
99
66
4096
-------------------
1758
Divide
2
1755
1756
2
99
66
2
99
66
-------------------
1762
Add
2
1758
4181
3
99
66
1
3
99
66
1
-------------------
1763
Sqrt
1
1762
3
99
66
1
-------------------
1766
Divide
2
1753
1763
3
99
66
4096
3
99
66
4096
-------------------
1768
Multiply
2
1766
18
3
99
66
4096
3
99
66
4096
-------------------
1770
Add
2
1768
182
3
99
66
4096
3
99
66
4096
-------------------
4299
Dot
2
1770
4298
3
99
66
4096
2
4096
12288
-------------------
1804
Add
2
177
4299
3
99
66
4096
3
99
66
4096
-------------------
1773
Add
2
175
4299
3
99
66
4096
3
99
66
4096
-------------------
1781
Add
2
179
4299
3
99
66
4096
3
99
66
4096
-------------------
1783
Multiply
2
1781
14
3
99
66
4096
3
99
66
4096
-------------------
1791
BatchMatMul
2
1783
1773
3
3168
66
128
3
3168
128
66
-------------------
1796
Add
2
1791
4182
4
99
32
66
66
4
99
32
66
66
-------------------
1798
Add
2
1796
5
4
99
32
66
66
4
99
32
66
66
-------------------
4447
SoftmaxBasic
1
1798
3
3168
66
66
-------------------
4448
SoftmaxBasic
2
1798
4447
3
3168
66
66
2
3168
66
-------------------
4449
SoftmaxBasic
1
4448
3
3168
66
66
-------------------
4450
SoftmaxBasic
2
4448
4449
3
3168
66
66
2
3168
66
-------------------
1812
BatchMatMul
2
4450
1804
3
3168
66
66
3
3168
66
128
-------------------
1817
Dot
2
1812
180
3
99
66
4096
2
4096
4096
-------------------
1819
Add
2
181
1817
3
99
66
4096
3
99
66
4096
-------------------
1820
Add
2
1744
1819
3
99
66
4096
3
99
66
4096
-------------------
1822
Sum
1
1820
2
6534
4096
-------------------
1825
Divide
2
1822
1823
1
6534
1
6534
-------------------
1829
Subtract
2
1820
1825
2
6534
4096
2
6534
4096
-------------------
1830
Multiply
2
1829
1829
2
6534
4096
2
6534
4096
-------------------
1831
Sum
1
1830
2
6534
4096
-------------------
1834
Divide
2
1831
1832
1
6534
1
6534
-------------------
1838
Add
2
1834
4183
2
6534
1
2
6534
1
-------------------
1839
Sqrt
1
1838
2
6534
1
-------------------
1842
Divide
2
1829
1839
2
6534
4096
2
6534
4096
-------------------
1844
Multiply
2
1842
18
2
6534
4096
2
6534
4096
-------------------
1846
Add
2
1844
187
2
6534
4096
2
6534
4096
-------------------
1847
Dot
2
1846
183
2
6534
4096
2
16384
4096
-------------------
1849
Add
2
1847
184
2
6534
16384
2
6534
16384
-------------------
1850
Relu
1
1849
2
6534
16384
-------------------
1851
Dot
2
1850
185
2
6534
16384
2
4096
16384
-------------------
1853
Add
2
1851
186
2
6534
4096
2
6534
4096
-------------------
1854
Add
2
1820
1853
2
6534
4096
2
6534
4096
-------------------
1856
Sum
1
1854
3
99
66
4096
-------------------
1859
Divide
2
1856
1857
2
99
66
2
99
66
-------------------
1863
Subtract
2
1854
1859
3
99
66
4096
3
99
66
4096
-------------------
1864
Multiply
2
1863
1863
3
99
66
4096
3
99
66
4096
-------------------
1865
Sum
1
1864
3
99
66
4096
-------------------
1868
Divide
2
1865
1866
2
99
66
2
99
66
-------------------
1872
Add
2
1868
4184
3
99
66
1
3
99
66
1
-------------------
1873
Sqrt
1
1872
3
99
66
1
-------------------
1876
Divide
2
1863
1873
3
99
66
4096
3
99
66
4096
-------------------
1878
Multiply
2
1876
18
3
99
66
4096
3
99
66
4096
-------------------
1880
Add
2
1878
196
3
99
66
4096
3
99
66
4096
-------------------
4304
Dot
2
1880
4303
3
99
66
4096
2
4096
12288
-------------------
1914
Add
2
191
4304
3
99
66
4096
3
99
66
4096
-------------------
1883
Add
2
189
4304
3
99
66
4096
3
99
66
4096
-------------------
1891
Add
2
193
4304
3
99
66
4096
3
99
66
4096
-------------------
1893
Multiply
2
1891
14
3
99
66
4096
3
99
66
4096
-------------------
1901
BatchMatMul
2
1893
1883
3
3168
66
128
3
3168
128
66
-------------------
1906
Add
2
1901
4185
4
99
32
66
66
4
99
32
66
66
-------------------
1908
Add
2
1906
5
4
99
32
66
66
4
99
32
66
66
-------------------
4451
SoftmaxBasic
1
1908
3
3168
66
66
-------------------
4452
SoftmaxBasic
2
1908
4451
3
3168
66
66
2
3168
66
-------------------
4453
SoftmaxBasic
1
4452
3
3168
66
66
-------------------
4454
SoftmaxBasic
2
4452
4453
3
3168
66
66
2
3168
66
-------------------
1922
BatchMatMul
2
4454
1914
3
3168
66
66
3
3168
66
128
-------------------
1927
Dot
2
1922
194
3
99
66
4096
2
4096
4096
-------------------
1929
Add
2
195
1927
3
99
66
4096
3
99
66
4096
-------------------
1930
Add
2
1854
1929
3
99
66
4096
3
99
66
4096
-------------------
1932
Sum
1
1930
2
6534
4096
-------------------
1935
Divide
2
1932
1933
1
6534
1
6534
-------------------
1939
Subtract
2
1930
1935
2
6534
4096
2
6534
4096
-------------------
1940
Multiply
2
1939
1939
2
6534
4096
2
6534
4096
-------------------
1941
Sum
1
1940
2
6534
4096
-------------------
1944
Divide
2
1941
1942
1
6534
1
6534
-------------------
1948
Add
2
1944
4186
2
6534
1
2
6534
1
-------------------
1949
Sqrt
1
1948
2
6534
1
-------------------
1952
Divide
2
1939
1949
2
6534
4096
2
6534
4096
-------------------
1954
Multiply
2
1952
18
2
6534
4096
2
6534
4096
-------------------
1956
Add
2
1954
201
2
6534
4096
2
6534
4096
-------------------
1957
Dot
2
1956
197
2
6534
4096
2
16384
4096
-------------------
1959
Add
2
1957
198
2
6534
16384
2
6534
16384
-------------------
1960
Relu
1
1959
2
6534
16384
-------------------
1961
Dot
2
1960
199
2
6534
16384
2
4096
16384
-------------------
1963
Add
2
1961
200
2
6534
4096
2
6534
4096
-------------------
1964
Add
2
1930
1963
2
6534
4096
2
6534
4096
-------------------
1966
Sum
1
1964
3
99
66
4096
-------------------
1969
Divide
2
1966
1967
2
99
66
2
99
66
-------------------
1973
Subtract
2
1964
1969
3
99
66
4096
3
99
66
4096
-------------------
1974
Multiply
2
1973
1973
3
99
66
4096
3
99
66
4096
-------------------
1975
Sum
1
1974
3
99
66
4096
-------------------
1978
Divide
2
1975
1976
2
99
66
2
99
66
-------------------
1982
Add
2
1978
4187
3
99
66
1
3
99
66
1
-------------------
1983
Sqrt
1
1982
3
99
66
1
-------------------
1986
Divide
2
1973
1983
3
99
66
4096
3
99
66
4096
-------------------
1988
Multiply
2
1986
18
3
99
66
4096
3
99
66
4096
-------------------
1990
Add
2
1988
210
3
99
66
4096
3
99
66
4096
-------------------
4309
Dot
2
1990
4308
3
99
66
4096
2
4096
12288
-------------------
2024
Add
2
205
4309
3
99
66
4096
3
99
66
4096
-------------------
1993
Add
2
203
4309
3
99
66
4096
3
99
66
4096
-------------------
2001
Add
2
207
4309
3
99
66
4096
3
99
66
4096
-------------------
2003
Multiply
2
2001
14
3
99
66
4096
3
99
66
4096
-------------------
2011
BatchMatMul
2
2003
1993
3
3168
66
128
3
3168
128
66
-------------------
2016
Add
2
2011
4188
4
99
32
66
66
4
99
32
66
66
-------------------
2018
Add
2
2016
5
4
99
32
66
66
4
99
32
66
66
-------------------
4455
SoftmaxBasic
1
2018
3
3168
66
66
-------------------
4456
SoftmaxBasic
2
2018
4455
3
3168
66
66
2
3168
66
-------------------
4457
SoftmaxBasic
1
4456
3
3168
66
66
-------------------
4458
SoftmaxBasic
2
4456
4457
3
3168
66
66
2
3168
66
-------------------
2032
BatchMatMul
2
4458
2024
3
3168
66
66
3
3168
66
128
-------------------
2037
Dot
2
2032
208
3
99
66
4096
2
4096
4096
-------------------
2039
Add
2
209
2037
3
99
66
4096
3
99
66
4096
-------------------
2040
Add
2
1964
2039
3
99
66
4096
3
99
66
4096
-------------------
2042
Sum
1
2040
2
6534
4096
-------------------
2045
Divide
2
2042
2043
1
6534
1
6534
-------------------
2049
Subtract
2
2040
2045
2
6534
4096
2
6534
4096
-------------------
2050
Multiply
2
2049
2049
2
6534
4096
2
6534
4096
-------------------
2051
Sum
1
2050
2
6534
4096
-------------------
2054
Divide
2
2051
2052
1
6534
1
6534
-------------------
2058
Add
2
2054
4161
2
6534
1
2
6534
1
-------------------
2059
Sqrt
1
2058
2
6534
1
-------------------
2062
Divide
2
2049
2059
2
6534
4096
2
6534
4096
-------------------
2064
Multiply
2
2062
18
2
6534
4096
2
6534
4096
-------------------
2066
Add
2
2064
215
2
6534
4096
2
6534
4096
-------------------
2067
Dot
2
2066
211
2
6534
4096
2
16384
4096
-------------------
2069
Add
2
2067
212
2
6534
16384
2
6534
16384
-------------------
2070
Relu
1
2069
2
6534
16384
-------------------
2071
Dot
2
2070
213
2
6534
16384
2
4096
16384
-------------------
2073
Add
2
2071
214
2
6534
4096
2
6534
4096
-------------------
2074
Add
2
2040
2073
2
6534
4096
2
6534
4096
-------------------
2076
Sum
1
2074
3
99
66
4096
-------------------
2079
Divide
2
2076
2077
2
99
66
2
99
66
-------------------
2083
Subtract
2
2074
2079
3
99
66
4096
3
99
66
4096
-------------------
2084
Multiply
2
2083
2083
3
99
66
4096
3
99
66
4096
-------------------
2085
Sum
1
2084
3
99
66
4096
-------------------
2088
Divide
2
2085
2086
2
99
66
2
99
66
-------------------
2092
Add
2
2088
4168
3
99
66
1
3
99
66
1
-------------------
2093
Sqrt
1
2092
3
99
66
1
-------------------
2096
Divide
2
2083
2093
3
99
66
4096
3
99
66
4096
-------------------
2098
Multiply
2
2096
18
3
99
66
4096
3
99
66
4096
-------------------
2100
Add
2
2098
224
3
99
66
4096
3
99
66
4096
-------------------
4314
Dot
2
2100
4313
3
99
66
4096
2
4096
12288
-------------------
2134
Add
2
219
4314
3
99
66
4096
3
99
66
4096
-------------------
2103
Add
2
217
4314
3
99
66
4096
3
99
66
4096
-------------------
2111
Add
2
221
4314
3
99
66
4096
3
99
66
4096
-------------------
2113
Multiply
2
2111
14
3
99
66
4096
3
99
66
4096
-------------------
2121
BatchMatMul
2
2113
2103
3
3168
66
128
3
3168
128
66
-------------------
2126
Add
2
2121
4190
4
99
32
66
66
4
99
32
66
66
-------------------
2128
Add
2
2126
5
4
99
32
66
66
4
99
32
66
66
-------------------
4459
SoftmaxBasic
1
2128
3
3168
66
66
-------------------
4460
SoftmaxBasic
2
2128
4459
3
3168
66
66
2
3168
66
-------------------
4461
SoftmaxBasic
1
4460
3
3168
66
66
-------------------
4462
SoftmaxBasic
2
4460
4461
3
3168
66
66
2
3168
66
-------------------
2142
BatchMatMul
2
4462
2134
3
3168
66
66
3
3168
66
128
-------------------
2147
Dot
2
2142
222
3
99
66
4096
2
4096
4096
-------------------
2149
Add
2
223
2147
3
99
66
4096
3
99
66
4096
-------------------
2150
Add
2
2074
2149
3
99
66
4096
3
99
66
4096
-------------------
2152
Sum
1
2150
2
6534
4096
-------------------
2155
Divide
2
2152
2153
1
6534
1
6534
-------------------
2159
Subtract
2
2150
2155
2
6534
4096
2
6534
4096
-------------------
2160
Multiply
2
2159
2159
2
6534
4096
2
6534
4096
-------------------
2161
Sum
1
2160
2
6534
4096
-------------------
2164
Divide
2
2161
2162
1
6534
1
6534
-------------------
2168
Add
2
2164
4191
2
6534
1
2
6534
1
-------------------
2169
Sqrt
1
2168
2
6534
1
-------------------
2172
Divide
2
2159
2169
2
6534
4096
2
6534
4096
-------------------
2174
Multiply
2
2172
18
2
6534
4096
2
6534
4096
-------------------
2176
Add
2
2174
229
2
6534
4096
2
6534
4096
-------------------
2177
Dot
2
2176
225
2
6534
4096
2
16384
4096
-------------------
2179
Add
2
2177
226
2
6534
16384
2
6534
16384
-------------------
2180
Relu
1
2179
2
6534
16384
-------------------
2181
Dot
2
2180
227
2
6534
16384
2
4096
16384
-------------------
2183
Add
2
2181
228
2
6534
4096
2
6534
4096
-------------------
2184
Add
2
2150
2183
2
6534
4096
2
6534
4096
-------------------
2186
Sum
1
2184
3
99
66
4096
-------------------
2189
Divide
2
2186
2187
2
99
66
2
99
66
-------------------
2193
Subtract
2
2184
2189
3
99
66
4096
3
99
66
4096
-------------------
2194
Multiply
2
2193
2193
3
99
66
4096
3
99
66
4096
-------------------
2195
Sum
1
2194
3
99
66
4096
-------------------
2198
Divide
2
2195
2196
2
99
66
2
99
66
-------------------
2202
Add
2
2198
4192
3
99
66
1
3
99
66
1
-------------------
2203
Sqrt
1
2202
3
99
66
1
-------------------
2206
Divide
2
2193
2203
3
99
66
4096
3
99
66
4096
-------------------
2208
Multiply
2
2206
18
3
99
66
4096
3
99
66
4096
-------------------
2210
Add
2
2208
238
3
99
66
4096
3
99
66
4096
-------------------
4319
Dot
2
2210
4318
3
99
66
4096
2
4096
12288
-------------------
2244
Add
2
233
4319
3
99
66
4096
3
99
66
4096
-------------------
2213
Add
2
231
4319
3
99
66
4096
3
99
66
4096
-------------------
2221
Add
2
235
4319
3
99
66
4096
3
99
66
4096
-------------------
2223
Multiply
2
2221
14
3
99
66
4096
3
99
66
4096
-------------------
2231
BatchMatMul
2
2223
2213
3
3168
66
128
3
3168
128
66
-------------------
2236
Add
2
2231
4193
4
99
32
66
66
4
99
32
66
66
-------------------
2238
Add
2
2236
5
4
99
32
66
66
4
99
32
66
66
-------------------
4463
SoftmaxBasic
1
2238
3
3168
66
66
-------------------
4464
SoftmaxBasic
2
2238
4463
3
3168
66
66
2
3168
66
-------------------
4465
SoftmaxBasic
1
4464
3
3168
66
66
-------------------
4466
SoftmaxBasic
2
4464
4465
3
3168
66
66
2
3168
66
-------------------
2252
BatchMatMul
2
4466
2244
3
3168
66
66
3
3168
66
128
-------------------
2257
Dot
2
2252
236
3
99
66
4096
2
4096
4096
-------------------
2259
Add
2
237
2257
3
99
66
4096
3
99
66
4096
-------------------
2260
Add
2
2184
2259
3
99
66
4096
3
99
66
4096
-------------------
2262
Sum
1
2260
2
6534
4096
-------------------
2265
Divide
2
2262
2263
1
6534
1
6534
-------------------
2269
Subtract
2
2260
2265
2
6534
4096
2
6534
4096
-------------------
2270
Multiply
2
2269
2269
2
6534
4096
2
6534
4096
-------------------
2271
Sum
1
2270
2
6534
4096
-------------------
2274
Divide
2
2271
2272
1
6534
1
6534
-------------------
2278
Add
2
2274
4194
2
6534
1
2
6534
1
-------------------
2279
Sqrt
1
2278
2
6534
1
-------------------
2282
Divide
2
2269
2279
2
6534
4096
2
6534
4096
-------------------
2284
Multiply
2
2282
18
2
6534
4096
2
6534
4096
-------------------
2286
Add
2
2284
243
2
6534
4096
2
6534
4096
-------------------
2287
Dot
2
2286
239
2
6534
4096
2
16384
4096
-------------------
2289
Add
2
2287
240
2
6534
16384
2
6534
16384
-------------------
2290
Relu
1
2289
2
6534
16384
-------------------
2291
Dot
2
2290
241
2
6534
16384
2
4096
16384
-------------------
2293
Add
2
2291
242
2
6534
4096
2
6534
4096
-------------------
2294
Add
2
2260
2293
2
6534
4096
2
6534
4096
-------------------
2296
Sum
1
2294
3
99
66
4096
-------------------
2299
Divide
2
2296
2297
2
99
66
2
99
66
-------------------
2303
Subtract
2
2294
2299
3
99
66
4096
3
99
66
4096
-------------------
2304
Multiply
2
2303
2303
3
99
66
4096
3
99
66
4096
-------------------
2305
Sum
1
2304
3
99
66
4096
-------------------
2308
Divide
2
2305
2306
2
99
66
2
99
66
-------------------
2312
Add
2
2308
4195
3
99
66
1
3
99
66
1
-------------------
2313
Sqrt
1
2312
3
99
66
1
-------------------
2316
Divide
2
2303
2313
3
99
66
4096
3
99
66
4096
-------------------
2318
Multiply
2
2316
18
3
99
66
4096
3
99
66
4096
-------------------
2320
Add
2
2318
252
3
99
66
4096
3
99
66
4096
-------------------
4324
Dot
2
2320
4323
3
99
66
4096
2
4096
12288
-------------------
2354
Add
2
247
4324
3
99
66
4096
3
99
66
4096
-------------------
2323
Add
2
245
4324
3
99
66
4096
3
99
66
4096
-------------------
2331
Add
2
249
4324
3
99
66
4096
3
99
66
4096
-------------------
2333
Multiply
2
2331
14
3
99
66
4096
3
99
66
4096
-------------------
2341
BatchMatMul
2
2333
2323
3
3168
66
128
3
3168
128
66
-------------------
2346
Add
2
2341
4196
4
99
32
66
66
4
99
32
66
66
-------------------
2348
Add
2
2346
5
4
99
32
66
66
4
99
32
66
66
-------------------
4467
SoftmaxBasic
1
2348
3
3168
66
66
-------------------
4468
SoftmaxBasic
2
2348
4467
3
3168
66
66
2
3168
66
-------------------
4469
SoftmaxBasic
1
4468
3
3168
66
66
-------------------
4470
SoftmaxBasic
2
4468
4469
3
3168
66
66
2
3168
66
-------------------
2362
BatchMatMul
2
4470
2354
3
3168
66
66
3
3168
66
128
-------------------
2367
Dot
2
2362
250
3
99
66
4096
2
4096
4096
-------------------
2369
Add
2
251
2367
3
99
66
4096
3
99
66
4096
-------------------
2370
Add
2
2294
2369
3
99
66
4096
3
99
66
4096
-------------------
2372
Sum
1
2370
2
6534
4096
-------------------
2375
Divide
2
2372
2373
1
6534
1
6534
-------------------
2379
Subtract
2
2370
2375
2
6534
4096
2
6534
4096
-------------------
2380
Multiply
2
2379
2379
2
6534
4096
2
6534
4096
-------------------
2381
Sum
1
2380
2
6534
4096
-------------------
2384
Divide
2
2381
2382
1
6534
1
6534
-------------------
2388
Add
2
2384
4197
2
6534
1
2
6534
1
-------------------
2389
Sqrt
1
2388
2
6534
1
-------------------
2392
Divide
2
2379
2389
2
6534
4096
2
6534
4096
-------------------
2394
Multiply
2
2392
18
2
6534
4096
2
6534
4096
-------------------
2396
Add
2
2394
257
2
6534
4096
2
6534
4096
-------------------
2397
Dot
2
2396
253
2
6534
4096
2
16384
4096
-------------------
2399
Add
2
2397
254
2
6534
16384
2
6534
16384
-------------------
2400
Relu
1
2399
2
6534
16384
-------------------
2401
Dot
2
2400
255
2
6534
16384
2
4096
16384
-------------------
2403
Add
2
2401
256
2
6534
4096
2
6534
4096
-------------------
2404
Add
2
2370
2403
2
6534
4096
2
6534
4096
-------------------
2406
Sum
1
2404
3
99
66
4096
-------------------
2409
Divide
2
2406
2407
2
99
66
2
99
66
-------------------
2413
Subtract
2
2404
2409
3
99
66
4096
3
99
66
4096
-------------------
2414
Multiply
2
2413
2413
3
99
66
4096
3
99
66
4096
-------------------
2415
Sum
1
2414
3
99
66
4096
-------------------
2418
Divide
2
2415
2416
2
99
66
2
99
66
-------------------
2422
Add
2
2418
4198
3
99
66
1
3
99
66
1
-------------------
2423
Sqrt
1
2422
3
99
66
1
-------------------
2426
Divide
2
2413
2423
3
99
66
4096
3
99
66
4096
-------------------
2428
Multiply
2
2426
18
3
99
66
4096
3
99
66
4096
-------------------
2430
Add
2
2428
266
3
99
66
4096
3
99
66
4096
-------------------
4329
Dot
2
2430
4328
3
99
66
4096
2
4096
12288
-------------------
2464
Add
2
261
4329
3
99
66
4096
3
99
66
4096
-------------------
2433
Add
2
259
4329
3
99
66
4096
3
99
66
4096
-------------------
2441
Add
2
263
4329
3
99
66
4096
3
99
66
4096
-------------------
2443
Multiply
2
2441
14
3
99
66
4096
3
99
66
4096
-------------------
2451
BatchMatMul
2
2443
2433
3
3168
66
128
3
3168
128
66
-------------------
2456
Add
2
2451
4199
4
99
32
66
66
4
99
32
66
66
-------------------
2458
Add
2
2456
5
4
99
32
66
66
4
99
32
66
66
-------------------
4471
SoftmaxBasic
1
2458
3
3168
66
66
-------------------
4472
SoftmaxBasic
2
2458
4471
3
3168
66
66
2
3168
66
-------------------
4473
SoftmaxBasic
1
4472
3
3168
66
66
-------------------
4474
SoftmaxBasic
2
4472
4473
3
3168
66
66
2
3168
66
-------------------
2472
BatchMatMul
2
4474
2464
3
3168
66
66
3
3168
66
128
-------------------
2477
Dot
2
2472
264
3
99
66
4096
2
4096
4096
-------------------
2479
Add
2
265
2477
3
99
66
4096
3
99
66
4096
-------------------
2480
Add
2
2404
2479
3
99
66
4096
3
99
66
4096
-------------------
2482
Sum
1
2480
2
6534
4096
-------------------
2485
Divide
2
2482
2483
1
6534
1
6534
-------------------
2489
Subtract
2
2480
2485
2
6534
4096
2
6534
4096
-------------------
2490
Multiply
2
2489
2489
2
6534
4096
2
6534
4096
-------------------
2491
Sum
1
2490
2
6534
4096
-------------------
2494
Divide
2
2491
2492
1
6534
1
6534
-------------------
2498
Add
2
2494
4200
2
6534
1
2
6534
1
-------------------
2499
Sqrt
1
2498
2
6534
1
-------------------
2502
Divide
2
2489
2499
2
6534
4096
2
6534
4096
-------------------
2504
Multiply
2
2502
18
2
6534
4096
2
6534
4096
-------------------
2506
Add
2
2504
271
2
6534
4096
2
6534
4096
-------------------
2507
Dot
2
2506
267
2
6534
4096
2
16384
4096
-------------------
2509
Add
2
2507
268
2
6534
16384
2
6534
16384
-------------------
2510
Relu
1
2509
2
6534
16384
-------------------
2511
Dot
2
2510
269
2
6534
16384
2
4096
16384
-------------------
2513
Add
2
2511
270
2
6534
4096
2
6534
4096
-------------------
2514
Add
2
2480
2513
2
6534
4096
2
6534
4096
-------------------
2516
Sum
1
2514
3
99
66
4096
-------------------
2519
Divide
2
2516
2517
2
99
66
2
99
66
-------------------
2523
Subtract
2
2514
2519
3
99
66
4096
3
99
66
4096
-------------------
2524
Multiply
2
2523
2523
3
99
66
4096
3
99
66
4096
-------------------
2525
Sum
1
2524
3
99
66
4096
-------------------
2528
Divide
2
2525
2526
2
99
66
2
99
66
-------------------
2532
Add
2
2528
4201
3
99
66
1
3
99
66
1
-------------------
2533
Sqrt
1
2532
3
99
66
1
-------------------
2536
Divide
2
2523
2533
3
99
66
4096
3
99
66
4096
-------------------
2538
Multiply
2
2536
18
3
99
66
4096
3
99
66
4096
-------------------
2540
Add
2
2538
280
3
99
66
4096
3
99
66
4096
-------------------
4334
Dot
2
2540
4333
3
99
66
4096
2
4096
12288
-------------------
2574
Add
2
275
4334
3
99
66
4096
3
99
66
4096
-------------------
2543
Add
2
273
4334
3
99
66
4096
3
99
66
4096
-------------------
2551
Add
2
277
4334
3
99
66
4096
3
99
66
4096
-------------------
2553
Multiply
2
2551
14
3
99
66
4096
3
99
66
4096
-------------------
2561
BatchMatMul
2
2553
2543
3
3168
66
128
3
3168
128
66
-------------------
2566
Add
2
2561
4202
4
99
32
66
66
4
99
32
66
66
-------------------
2568
Add
2
2566
5
4
99
32
66
66
4
99
32
66
66
-------------------
4475
SoftmaxBasic
1
2568
3
3168
66
66
-------------------
4476
SoftmaxBasic
2
2568
4475
3
3168
66
66
2
3168
66
-------------------
4477
SoftmaxBasic
1
4476
3
3168
66
66
-------------------
4478
SoftmaxBasic
2
4476
4477
3
3168
66
66
2
3168
66
-------------------
2582
BatchMatMul
2
4478
2574
3
3168
66
66
3
3168
66
128
-------------------
2587
Dot
2
2582
278
3
99
66
4096
2
4096
4096
-------------------
2589
Add
2
279
2587
3
99
66
4096
3
99
66
4096
-------------------
2590
Add
2
2514
2589
3
99
66
4096
3
99
66
4096
-------------------
2592
Sum
1
2590
2
6534
4096
-------------------
2595
Divide
2
2592
2593
1
6534
1
6534
-------------------
2599
Subtract
2
2590
2595
2
6534
4096
2
6534
4096
-------------------
2600
Multiply
2
2599
2599
2
6534
4096
2
6534
4096
-------------------
2601
Sum
1
2600
2
6534
4096
-------------------
2604
Divide
2
2601
2602
1
6534
1
6534
-------------------
2608
Add
2
2604
4203
2
6534
1
2
6534
1
-------------------
2609
Sqrt
1
2608
2
6534
1
-------------------
2612
Divide
2
2599
2609
2
6534
4096
2
6534
4096
-------------------
2614
Multiply
2
2612
18
2
6534
4096
2
6534
4096
-------------------
2616
Add
2
2614
285
2
6534
4096
2
6534
4096
-------------------
2617
Dot
2
2616
281
2
6534
4096
2
16384
4096
-------------------
2619
Add
2
2617
282
2
6534
16384
2
6534
16384
-------------------
2620
Relu
1
2619
2
6534
16384
-------------------
2621
Dot
2
2620
283
2
6534
16384
2
4096
16384
-------------------
2623
Add
2
2621
284
2
6534
4096
2
6534
4096
-------------------
2624
Add
2
2590
2623
2
6534
4096
2
6534
4096
-------------------
2626
Sum
1
2624
3
99
66
4096
-------------------
2629
Divide
2
2626
2627
2
99
66
2
99
66
-------------------
2633
Subtract
2
2624
2629
3
99
66
4096
3
99
66
4096
-------------------
2634
Multiply
2
2633
2633
3
99
66
4096
3
99
66
4096
-------------------
2635
Sum
1
2634
3
99
66
4096
-------------------
2638
Divide
2
2635
2636
2
99
66
2
99
66
-------------------
2642
Add
2
2638
4204
3
99
66
1
3
99
66
1
-------------------
2643
Sqrt
1
2642
3
99
66
1
-------------------
2646
Divide
2
2633
2643
3
99
66
4096
3
99
66
4096
-------------------
2648
Multiply
2
2646
18
3
99
66
4096
3
99
66
4096
-------------------
2650
Add
2
2648
294
3
99
66
4096
3
99
66
4096
-------------------
4339
Dot
2
2650
4338
3
99
66
4096
2
4096
12288
-------------------
2684
Add
2
289
4339
3
99
66
4096
3
99
66
4096
-------------------
2653
Add
2
287
4339
3
99
66
4096
3
99
66
4096
-------------------
2661
Add
2
291
4339
3
99
66
4096
3
99
66
4096
-------------------
2663
Multiply
2
2661
14
3
99
66
4096
3
99
66
4096
-------------------
2671
BatchMatMul
2
2663
2653
3
3168
66
128
3
3168
128
66
-------------------
2676
Add
2
2671
4205
4
99
32
66
66
4
99
32
66
66
-------------------
2678
Add
2
2676
5
4
99
32
66
66
4
99
32
66
66
-------------------
4479
SoftmaxBasic
1
2678
3
3168
66
66
-------------------
4480
SoftmaxBasic
2
2678
4479
3
3168
66
66
2
3168
66
-------------------
4481
SoftmaxBasic
1
4480
3
3168
66
66
-------------------
4482
SoftmaxBasic
2
4480
4481
3
3168
66
66
2
3168
66
-------------------
2692
BatchMatMul
2
4482
2684
3
3168
66
66
3
3168
66
128
-------------------
2697
Dot
2
2692
292
3
99
66
4096
2
4096
4096
-------------------
2699
Add
2
293
2697
3
99
66
4096
3
99
66
4096
-------------------
2700
Add
2
2624
2699
3
99
66
4096
3
99
66
4096
-------------------
2702
Sum
1
2700
2
6534
4096
-------------------
2705
Divide
2
2702
2703
1
6534
1
6534
-------------------
2709
Subtract
2
2700
2705
2
6534
4096
2
6534
4096
-------------------
2710
Multiply
2
2709
2709
2
6534
4096
2
6534
4096
-------------------
2711
Sum
1
2710
2
6534
4096
-------------------
2714
Divide
2
2711
2712
1
6534
1
6534
-------------------
2718
Add
2
2714
4206
2
6534
1
2
6534
1
-------------------
2719
Sqrt
1
2718
2
6534
1
-------------------
2722
Divide
2
2709
2719
2
6534
4096
2
6534
4096
-------------------
2724
Multiply
2
2722
18
2
6534
4096
2
6534
4096
-------------------
2726
Add
2
2724
299
2
6534
4096
2
6534
4096
-------------------
2727
Dot
2
2726
295
2
6534
4096
2
16384
4096
-------------------
2729
Add
2
2727
296
2
6534
16384
2
6534
16384
-------------------
2730
Relu
1
2729
2
6534
16384
-------------------
2731
Dot
2
2730
297
2
6534
16384
2
4096
16384
-------------------
2733
Add
2
2731
298
2
6534
4096
2
6534
4096
-------------------
2734
Add
2
2700
2733
2
6534
4096
2
6534
4096
-------------------
2736
Sum
1
2734
3
99
66
4096
-------------------
2739
Divide
2
2736
2737
2
99
66
2
99
66
-------------------
2743
Subtract
2
2734
2739
3
99
66
4096
3
99
66
4096
-------------------
2744
Multiply
2
2743
2743
3
99
66
4096
3
99
66
4096
-------------------
2745
Sum
1
2744
3
99
66
4096
-------------------
2748
Divide
2
2745
2746
2
99
66
2
99
66
-------------------
2752
Add
2
2748
4207
3
99
66
1
3
99
66
1
-------------------
2753
Sqrt
1
2752
3
99
66
1
-------------------
2756
Divide
2
2743
2753
3
99
66
4096
3
99
66
4096
-------------------
2758
Multiply
2
2756
18
3
99
66
4096
3
99
66
4096
-------------------
2760
Add
2
2758
308
3
99
66
4096
3
99
66
4096
-------------------
4344
Dot
2
2760
4343
3
99
66
4096
2
4096
12288
-------------------
2794
Add
2
303
4344
3
99
66
4096
3
99
66
4096
-------------------
2763
Add
2
301
4344
3
99
66
4096
3
99
66
4096
-------------------
2771
Add
2
305
4344
3
99
66
4096
3
99
66
4096
-------------------
2773
Multiply
2
2771
14
3
99
66
4096
3
99
66
4096
-------------------
2781
BatchMatMul
2
2773
2763
3
3168
66
128
3
3168
128
66
-------------------
2786
Add
2
2781
4208
4
99
32
66
66
4
99
32
66
66
-------------------
2788
Add
2
2786
5
4
99
32
66
66
4
99
32
66
66
-------------------
4483
SoftmaxBasic
1
2788
3
3168
66
66
-------------------
4484
SoftmaxBasic
2
2788
4483
3
3168
66
66
2
3168
66
-------------------
4485
SoftmaxBasic
1
4484
3
3168
66
66
-------------------
4486
SoftmaxBasic
2
4484
4485
3
3168
66
66
2
3168
66
-------------------
2802
BatchMatMul
2
4486
2794
3
3168
66
66
3
3168
66
128
-------------------
2807
Dot
2
2802
306
3
99
66
4096
2
4096
4096
-------------------
2809
Add
2
307
2807
3
99
66
4096
3
99
66
4096
-------------------
2810
Add
2
2734
2809
3
99
66
4096
3
99
66
4096
-------------------
2812
Sum
1
2810
2
6534
4096
-------------------
2815
Divide
2
2812
2813
1
6534
1
6534
-------------------
2819
Subtract
2
2810
2815
2
6534
4096
2
6534
4096
-------------------
2820
Multiply
2
2819
2819
2
6534
4096
2
6534
4096
-------------------
2821
Sum
1
2820
2
6534
4096
-------------------
2824
Divide
2
2821
2822
1
6534
1
6534
-------------------
2828
Add
2
2824
4209
2
6534
1
2
6534
1
-------------------
2829
Sqrt
1
2828
2
6534
1
-------------------
2832
Divide
2
2819
2829
2
6534
4096
2
6534
4096
-------------------
2834
Multiply
2
2832
18
2
6534
4096
2
6534
4096
-------------------
2836
Add
2
2834
313
2
6534
4096
2
6534
4096
-------------------
2837
Dot
2
2836
309
2
6534
4096
2
16384
4096
-------------------
2839
Add
2
2837
310
2
6534
16384
2
6534
16384
-------------------
2840
Relu
1
2839
2
6534
16384
-------------------
2841
Dot
2
2840
311
2
6534
16384
2
4096
16384
-------------------
2843
Add
2
2841
312
2
6534
4096
2
6534
4096
-------------------
2844
Add
2
2810
2843
2
6534
4096
2
6534
4096
-------------------
2846
Sum
1
2844
3
99
66
4096
-------------------
2849
Divide
2
2846
2847
2
99
66
2
99
66
-------------------
2853
Subtract
2
2844
2849
3
99
66
4096
3
99
66
4096
-------------------
2854
Multiply
2
2853
2853
3
99
66
4096
3
99
66
4096
-------------------
2855
Sum
1
2854
3
99
66
4096
-------------------
2858
Divide
2
2855
2856
2
99
66
2
99
66
-------------------
2862
Add
2
2858
4210
3
99
66
1
3
99
66
1
-------------------
2863
Sqrt
1
2862
3
99
66
1
-------------------
2866
Divide
2
2853
2863
3
99
66
4096
3
99
66
4096
-------------------
2868
Multiply
2
2866
18
3
99
66
4096
3
99
66
4096
-------------------
2870
Add
2
2868
322
3
99
66
4096
3
99
66
4096
-------------------
4349
Dot
2
2870
4348
3
99
66
4096
2
4096
12288
-------------------
2904
Add
2
317
4349
3
99
66
4096
3
99
66
4096
-------------------
2873
Add
2
315
4349
3
99
66
4096
3
99
66
4096
-------------------
2881
Add
2
319
4349
3
99
66
4096
3
99
66
4096
-------------------
2883
Multiply
2
2881
14
3
99
66
4096
3
99
66
4096
-------------------
2891
BatchMatMul
2
2883
2873
3
3168
66
128
3
3168
128
66
-------------------
2896
Add
2
2891
4211
4
99
32
66
66
4
99
32
66
66
-------------------
2898
Add
2
2896
5
4
99
32
66
66
4
99
32
66
66
-------------------
4487
SoftmaxBasic
1
2898
3
3168
66
66
-------------------
4488
SoftmaxBasic
2
2898
4487
3
3168
66
66
2
3168
66
-------------------
4489
SoftmaxBasic
1
4488
3
3168
66
66
-------------------
4490
SoftmaxBasic
2
4488
4489
3
3168
66
66
2
3168
66
-------------------
2912
BatchMatMul
2
4490
2904
3
3168
66
66
3
3168
66
128
-------------------
2917
Dot
2
2912
320
3
99
66
4096
2
4096
4096
-------------------
2919
Add
2
321
2917
3
99
66
4096
3
99
66
4096
-------------------
2920
Add
2
2844
2919
3
99
66
4096
3
99
66
4096
-------------------
2922
Sum
1
2920
2
6534
4096
-------------------
2925
Divide
2
2922
2923
1
6534
1
6534
-------------------
2929
Subtract
2
2920
2925
2
6534
4096
2
6534
4096
-------------------
2930
Multiply
2
2929
2929
2
6534
4096
2
6534
4096
-------------------
2931
Sum
1
2930
2
6534
4096
-------------------
2934
Divide
2
2931
2932
1
6534
1
6534
-------------------
2938
Add
2
2934
4212
2
6534
1
2
6534
1
-------------------
2939
Sqrt
1
2938
2
6534
1
-------------------
2942
Divide
2
2929
2939
2
6534
4096
2
6534
4096
-------------------
2944
Multiply
2
2942
18
2
6534
4096
2
6534
4096
-------------------
2946
Add
2
2944
327
2
6534
4096
2
6534
4096
-------------------
2947
Dot
2
2946
323
2
6534
4096
2
16384
4096
-------------------
2949
Add
2
2947
324
2
6534
16384
2
6534
16384
-------------------
2950
Relu
1
2949
2
6534
16384
-------------------
2951
Dot
2
2950
325
2
6534
16384
2
4096
16384
-------------------
2953
Add
2
2951
326
2
6534
4096
2
6534
4096
-------------------
2954
Add
2
2920
2953
2
6534
4096
2
6534
4096
-------------------
2956
Sum
1
2954
3
99
66
4096
-------------------
2959
Divide
2
2956
2957
2
99
66
2
99
66
-------------------
2963
Subtract
2
2954
2959
3
99
66
4096
3
99
66
4096
-------------------
2964
Multiply
2
2963
2963
3
99
66
4096
3
99
66
4096
-------------------
2965
Sum
1
2964
3
99
66
4096
-------------------
2968
Divide
2
2965
2966
2
99
66
2
99
66
-------------------
2972
Add
2
2968
4213
3
99
66
1
3
99
66
1
-------------------
2973
Sqrt
1
2972
3
99
66
1
-------------------
2976
Divide
2
2963
2973
3
99
66
4096
3
99
66
4096
-------------------
2978
Multiply
2
2976
18
3
99
66
4096
3
99
66
4096
-------------------
2980
Add
2
2978
336
3
99
66
4096
3
99
66
4096
-------------------
4354
Dot
2
2980
4353
3
99
66
4096
2
4096
12288
-------------------
3014
Add
2
331
4354
3
99
66
4096
3
99
66
4096
-------------------
2983
Add
2
329
4354
3
99
66
4096
3
99
66
4096
-------------------
2991
Add
2
333
4354
3
99
66
4096
3
99
66
4096
-------------------
2993
Multiply
2
2991
14
3
99
66
4096
3
99
66
4096
-------------------
3001
BatchMatMul
2
2993
2983
3
3168
66
128
3
3168
128
66
-------------------
3006
Add
2
3001
4214
4
99
32
66
66
4
99
32
66
66
-------------------
3008
Add
2
3006
5
4
99
32
66
66
4
99
32
66
66
-------------------
4491
SoftmaxBasic
1
3008
3
3168
66
66
-------------------
4492
SoftmaxBasic
2
3008
4491
3
3168
66
66
2
3168
66
-------------------
4493
SoftmaxBasic
1
4492
3
3168
66
66
-------------------
4494
SoftmaxBasic
2
4492
4493
3
3168
66
66
2
3168
66
-------------------
3022
BatchMatMul
2
4494
3014
3
3168
66
66
3
3168
66
128
-------------------
3027
Dot
2
3022
334
3
99
66
4096
2
4096
4096
-------------------
3029
Add
2
335
3027
3
99
66
4096
3
99
66
4096
-------------------
3030
Add
2
2954
3029
3
99
66
4096
3
99
66
4096
-------------------
3032
Sum
1
3030
2
6534
4096
-------------------
3035
Divide
2
3032
3033
1
6534
1
6534
-------------------
3039
Subtract
2
3030
3035
2
6534
4096
2
6534
4096
-------------------
3040
Multiply
2
3039
3039
2
6534
4096
2
6534
4096
-------------------
3041
Sum
1
3040
2
6534
4096
-------------------
3044
Divide
2
3041
3042
1
6534
1
6534
-------------------
3048
Add
2
3044
4215
2
6534
1
2
6534
1
-------------------
3049
Sqrt
1
3048
2
6534
1
-------------------
3052
Divide
2
3039
3049
2
6534
4096
2
6534
4096
-------------------
3054
Multiply
2
3052
18
2
6534
4096
2
6534
4096
-------------------
3056
Add
2
3054
341
2
6534
4096
2
6534
4096
-------------------
3057
Dot
2
3056
337
2
6534
4096
2
16384
4096
-------------------
3059
Add
2
3057
338
2
6534
16384
2
6534
16384
-------------------
3060
Relu
1
3059
2
6534
16384
-------------------
3061
Dot
2
3060
339
2
6534
16384
2
4096
16384
-------------------
3063
Add
2
3061
340
2
6534
4096
2
6534
4096
-------------------
3064
Add
2
3030
3063
2
6534
4096
2
6534
4096
-------------------
3066
Sum
1
3064
3
99
66
4096
-------------------
3069
Divide
2
3066
3067
2
99
66
2
99
66
-------------------
3073
Subtract
2
3064
3069
3
99
66
4096
3
99
66
4096
-------------------
3074
Multiply
2
3073
3073
3
99
66
4096
3
99
66
4096
-------------------
3075
Sum
1
3074
3
99
66
4096
-------------------
3078
Divide
2
3075
3076
2
99
66
2
99
66
-------------------
3082
Add
2
3078
4216
3
99
66
1
3
99
66
1
-------------------
3083
Sqrt
1
3082
3
99
66
1
-------------------
3086
Divide
2
3073
3083
3
99
66
4096
3
99
66
4096
-------------------
3088
Multiply
2
3086
18
3
99
66
4096
3
99
66
4096
-------------------
3090
Add
2
3088
350
3
99
66
4096
3
99
66
4096
-------------------
4359
Dot
2
3090
4358
3
99
66
4096
2
4096
12288
-------------------
3124
Add
2
345
4359
3
99
66
4096
3
99
66
4096
-------------------
3093
Add
2
343
4359
3
99
66
4096
3
99
66
4096
-------------------
3101
Add
2
347
4359
3
99
66
4096
3
99
66
4096
-------------------
3103
Multiply
2
3101
14
3
99
66
4096
3
99
66
4096
-------------------
3111
BatchMatMul
2
3103
3093
3
3168
66
128
3
3168
128
66
-------------------
3116
Add
2
3111
4217
4
99
32
66
66
4
99
32
66
66
-------------------
3118
Add
2
3116
5
4
99
32
66
66
4
99
32
66
66
-------------------
4495
SoftmaxBasic
1
3118
3
3168
66
66
-------------------
4496
SoftmaxBasic
2
3118
4495
3
3168
66
66
2
3168
66
-------------------
4497
SoftmaxBasic
1
4496
3
3168
66
66
-------------------
4498
SoftmaxBasic
2
4496
4497
3
3168
66
66
2
3168
66
-------------------
3132
BatchMatMul
2
4498
3124
3
3168
66
66
3
3168
66
128
-------------------
3137
Dot
2
3132
348
3
99
66
4096
2
4096
4096
-------------------
3139
Add
2
349
3137
3
99
66
4096
3
99
66
4096
-------------------
3140
Add
2
3064
3139
3
99
66
4096
3
99
66
4096
-------------------
3142
Sum
1
3140
2
6534
4096
-------------------
3145
Divide
2
3142
3143
1
6534
1
6534
-------------------
3149
Subtract
2
3140
3145
2
6534
4096
2
6534
4096
-------------------
3150
Multiply
2
3149
3149
2
6534
4096
2
6534
4096
-------------------
3151
Sum
1
3150
2
6534
4096
-------------------
3154
Divide
2
3151
3152
1
6534
1
6534
-------------------
3158
Add
2
3154
4218
2
6534
1
2
6534
1
-------------------
3159
Sqrt
1
3158
2
6534
1
-------------------
3162
Divide
2
3149
3159
2
6534
4096
2
6534
4096
-------------------
3164
Multiply
2
3162
18
2
6534
4096
2
6534
4096
-------------------
3166
Add
2
3164
355
2
6534
4096
2
6534
4096
-------------------
3167
Dot
2
3166
351
2
6534
4096
2
16384
4096
-------------------
3169
Add
2
3167
352
2
6534
16384
2
6534
16384
-------------------
3170
Relu
1
3169
2
6534
16384
-------------------
3171
Dot
2
3170
353
2
6534
16384
2
4096
16384
-------------------
3173
Add
2
3171
354
2
6534
4096
2
6534
4096
-------------------
3174
Add
2
3140
3173
2
6534
4096
2
6534
4096
-------------------
3176
Sum
1
3174
3
99
66
4096
-------------------
3179
Divide
2
3176
3177
2
99
66
2
99
66
-------------------
3183
Subtract
2
3174
3179
3
99
66
4096
3
99
66
4096
-------------------
3184
Multiply
2
3183
3183
3
99
66
4096
3
99
66
4096
-------------------
3185
Sum
1
3184
3
99
66
4096
-------------------
3188
Divide
2
3185
3186
2
99
66
2
99
66
-------------------
3192
Add
2
3188
4219
3
99
66
1
3
99
66
1
-------------------
3193
Sqrt
1
3192
3
99
66
1
-------------------
3196
Divide
2
3183
3193
3
99
66
4096
3
99
66
4096
-------------------
3198
Multiply
2
3196
18
3
99
66
4096
3
99
66
4096
-------------------
3200
Add
2
3198
364
3
99
66
4096
3
99
66
4096
-------------------
4364
Dot
2
3200
4363
3
99
66
4096
2
4096
12288
-------------------
3234
Add
2
359
4364
3
99
66
4096
3
99
66
4096
-------------------
3203
Add
2
357
4364
3
99
66
4096
3
99
66
4096
-------------------
3211
Add
2
361
4364
3
99
66
4096
3
99
66
4096
-------------------
3213
Multiply
2
3211
14
3
99
66
4096
3
99
66
4096
-------------------
3221
BatchMatMul
2
3213
3203
3
3168
66
128
3
3168
128
66
-------------------
3226
Add
2
3221
4220
4
99
32
66
66
4
99
32
66
66
-------------------
3228
Add
2
3226
5
4
99
32
66
66
4
99
32
66
66
-------------------
4499
SoftmaxBasic
1
3228
3
3168
66
66
-------------------
4500
SoftmaxBasic
2
3228
4499
3
3168
66
66
2
3168
66
-------------------
4501
SoftmaxBasic
1
4500
3
3168
66
66
-------------------
4502
SoftmaxBasic
2
4500
4501
3
3168
66
66
2
3168
66
-------------------
3242
BatchMatMul
2
4502
3234
3
3168
66
66
3
3168
66
128
-------------------
3247
Dot
2
3242
362
3
99
66
4096
2
4096
4096
-------------------
3249
Add
2
363
3247
3
99
66
4096
3
99
66
4096
-------------------
3250
Add
2
3174
3249
3
99
66
4096
3
99
66
4096
-------------------
3252
Sum
1
3250
2
6534
4096
-------------------
3255
Divide
2
3252
3253
1
6534
1
6534
-------------------
3259
Subtract
2
3250
3255
2
6534
4096
2
6534
4096
-------------------
3260
Multiply
2
3259
3259
2
6534
4096
2
6534
4096
-------------------
3261
Sum
1
3260
2
6534
4096
-------------------
3264
Divide
2
3261
3262
1
6534
1
6534
-------------------
3268
Add
2
3264
4221
2
6534
1
2
6534
1
-------------------
3269
Sqrt
1
3268
2
6534
1
-------------------
3272
Divide
2
3259
3269
2
6534
4096
2
6534
4096
-------------------
3274
Multiply
2
3272
18
2
6534
4096
2
6534
4096
-------------------
3276
Add
2
3274
369
2
6534
4096
2
6534
4096
-------------------
3277
Dot
2
3276
365
2
6534
4096
2
16384
4096
-------------------
3279
Add
2
3277
366
2
6534
16384
2
6534
16384
-------------------
3280
Relu
1
3279
2
6534
16384
-------------------
3281
Dot
2
3280
367
2
6534
16384
2
4096
16384
-------------------
3283
Add
2
3281
368
2
6534
4096
2
6534
4096
-------------------
3284
Add
2
3250
3283
2
6534
4096
2
6534
4096
-------------------
3286
Sum
1
3284
3
99
66
4096
-------------------
3289
Divide
2
3286
3287
2
99
66
2
99
66
-------------------
3293
Subtract
2
3284
3289
3
99
66
4096
3
99
66
4096
-------------------
3294
Multiply
2
3293
3293
3
99
66
4096
3
99
66
4096
-------------------
3295
Sum
1
3294
3
99
66
4096
-------------------
3298
Divide
2
3295
3296
2
99
66
2
99
66
-------------------
3302
Add
2
3298
4222
3
99
66
1
3
99
66
1
-------------------
3303
Sqrt
1
3302
3
99
66
1
-------------------
3306
Divide
2
3293
3303
3
99
66
4096
3
99
66
4096
-------------------
3308
Multiply
2
3306
18
3
99
66
4096
3
99
66
4096
-------------------
3310
Add
2
3308
378
3
99
66
4096
3
99
66
4096
-------------------
4369
Dot
2
3310
4368
3
99
66
4096
2
4096
12288
-------------------
3344
Add
2
373
4369
3
99
66
4096
3
99
66
4096
-------------------
3313
Add
2
371
4369
3
99
66
4096
3
99
66
4096
-------------------
3321
Add
2
375
4369
3
99
66
4096
3
99
66
4096
-------------------
3323
Multiply
2
3321
14
3
99
66
4096
3
99
66
4096
-------------------
3331
BatchMatMul
2
3323
3313
3
3168
66
128
3
3168
128
66
-------------------
3336
Add
2
3331
4223
4
99
32
66
66
4
99
32
66
66
-------------------
3338
Add
2
3336
5
4
99
32
66
66
4
99
32
66
66
-------------------
4503
SoftmaxBasic
1
3338
3
3168
66
66
-------------------
4504
SoftmaxBasic
2
3338
4503
3
3168
66
66
2
3168
66
-------------------
4505
SoftmaxBasic
1
4504
3
3168
66
66
-------------------
4506
SoftmaxBasic
2
4504
4505
3
3168
66
66
2
3168
66
-------------------
3352
BatchMatMul
2
4506
3344
3
3168
66
66
3
3168
66
128
-------------------
3357
Dot
2
3352
376
3
99
66
4096
2
4096
4096
-------------------
3359
Add
2
377
3357
3
99
66
4096
3
99
66
4096
-------------------
3360
Add
2
3284
3359
3
99
66
4096
3
99
66
4096
-------------------
3362
Sum
1
3360
2
6534
4096
-------------------
3365
Divide
2
3362
3363
1
6534
1
6534
-------------------
3369
Subtract
2
3360
3365
2
6534
4096
2
6534
4096
-------------------
3370
Multiply
2
3369
3369
2
6534
4096
2
6534
4096
-------------------
3371
Sum
1
3370
2
6534
4096
-------------------
3374
Divide
2
3371
3372
1
6534
1
6534
-------------------
3378
Add
2
3374
4224
2
6534
1
2
6534
1
-------------------
3379
Sqrt
1
3378
2
6534
1
-------------------
3382
Divide
2
3369
3379
2
6534
4096
2
6534
4096
-------------------
3384
Multiply
2
3382
18
2
6534
4096
2
6534
4096
-------------------
3386
Add
2
3384
383
2
6534
4096
2
6534
4096
-------------------
3387
Dot
2
3386
379
2
6534
4096
2
16384
4096
-------------------
3389
Add
2
3387
380
2
6534
16384
2
6534
16384
-------------------
3390
Relu
1
3389
2
6534
16384
-------------------
3391
Dot
2
3390
381
2
6534
16384
2
4096
16384
-------------------
3393
Add
2
3391
382
2
6534
4096
2
6534
4096
-------------------
3394
Add
2
3360
3393
2
6534
4096
2
6534
4096
-------------------
3396
Sum
1
3394
3
99
66
4096
-------------------
3399
Divide
2
3396
3397
2
99
66
2
99
66
-------------------
3403
Subtract
2
3394
3399
3
99
66
4096
3
99
66
4096
-------------------
3404
Multiply
2
3403
3403
3
99
66
4096
3
99
66
4096
-------------------
3405
Sum
1
3404
3
99
66
4096
-------------------
3408
Divide
2
3405
3406
2
99
66
2
99
66
-------------------
3412
Add
2
3408
4225
3
99
66
1
3
99
66
1
-------------------
3413
Sqrt
1
3412
3
99
66
1
-------------------
3416
Divide
2
3403
3413
3
99
66
4096
3
99
66
4096
-------------------
3418
Multiply
2
3416
18
3
99
66
4096
3
99
66
4096
-------------------
3420
Add
2
3418
392
3
99
66
4096
3
99
66
4096
-------------------
4374
Dot
2
3420
4373
3
99
66
4096
2
4096
12288
-------------------
3454
Add
2
387
4374
3
99
66
4096
3
99
66
4096
-------------------
3423
Add
2
385
4374
3
99
66
4096
3
99
66
4096
-------------------
3431
Add
2
389
4374
3
99
66
4096
3
99
66
4096
-------------------
3433
Multiply
2
3431
14
3
99
66
4096
3
99
66
4096
-------------------
3441
BatchMatMul
2
3433
3423
3
3168
66
128
3
3168
128
66
-------------------
3446
Add
2
3441
4226
4
99
32
66
66
4
99
32
66
66
-------------------
3448
Add
2
3446
5
4
99
32
66
66
4
99
32
66
66
-------------------
4507
SoftmaxBasic
1
3448
3
3168
66
66
-------------------
4508
SoftmaxBasic
2
3448
4507
3
3168
66
66
2
3168
66
-------------------
4509
SoftmaxBasic
1
4508
3
3168
66
66
-------------------
4510
SoftmaxBasic
2
4508
4509
3
3168
66
66
2
3168
66
-------------------
3462
BatchMatMul
2
4510
3454
3
3168
66
66
3
3168
66
128
-------------------
3467
Dot
2
3462
390
3
99
66
4096
2
4096
4096
-------------------
3469
Add
2
391
3467
3
99
66
4096
3
99
66
4096
-------------------
3470
Add
2
3394
3469
3
99
66
4096
3
99
66
4096
-------------------
3472
Sum
1
3470
2
6534
4096
-------------------
3475
Divide
2
3472
3473
1
6534
1
6534
-------------------
3479
Subtract
2
3470
3475
2
6534
4096
2
6534
4096
-------------------
3480
Multiply
2
3479
3479
2
6534
4096
2
6534
4096
-------------------
3481
Sum
1
3480
2
6534
4096
-------------------
3484
Divide
2
3481
3482
1
6534
1
6534
-------------------
3488
Add
2
3484
4227
2
6534
1
2
6534
1
-------------------
3489
Sqrt
1
3488
2
6534
1
-------------------
3492
Divide
2
3479
3489
2
6534
4096
2
6534
4096
-------------------
3494
Multiply
2
3492
18
2
6534
4096
2
6534
4096
-------------------
3496
Add
2
3494
397
2
6534
4096
2
6534
4096
-------------------
3497
Dot
2
3496
393
2
6534
4096
2
16384
4096
-------------------
3499
Add
2
3497
394
2
6534
16384
2
6534
16384
-------------------
3500
Relu
1
3499
2
6534
16384
-------------------
3501
Dot
2
3500
395
2
6534
16384
2
4096
16384
-------------------
3503
Add
2
3501
396
2
6534
4096
2
6534
4096
-------------------
3504
Add
2
3470
3503
2
6534
4096
2
6534
4096
-------------------
3506
Sum
1
3504
3
99
66
4096
-------------------
3509
Divide
2
3506
3507
2
99
66
2
99
66
-------------------
3513
Subtract
2
3504
3509
3
99
66
4096
3
99
66
4096
-------------------
3514
Multiply
2
3513
3513
3
99
66
4096
3
99
66
4096
-------------------
3515
Sum
1
3514
3
99
66
4096
-------------------
3518
Divide
2
3515
3516
2
99
66
2
99
66
-------------------
3522
Add
2
3518
4228
3
99
66
1
3
99
66
1
-------------------
3523
Sqrt
1
3522
3
99
66
1
-------------------
3526
Divide
2
3513
3523
3
99
66
4096
3
99
66
4096
-------------------
3528
Multiply
2
3526
18
3
99
66
4096
3
99
66
4096
-------------------
3530
Add
2
3528
406
3
99
66
4096
3
99
66
4096
-------------------
4379
Dot
2
3530
4378
3
99
66
4096
2
4096
12288
-------------------
3564
Add
2
401
4379
3
99
66
4096
3
99
66
4096
-------------------
3533
Add
2
399
4379
3
99
66
4096
3
99
66
4096
-------------------
3541
Add
2
403
4379
3
99
66
4096
3
99
66
4096
-------------------
3543
Multiply
2
3541
14
3
99
66
4096
3
99
66
4096
-------------------
3551
BatchMatMul
2
3543
3533
3
3168
66
128
3
3168
128
66
-------------------
3556
Add
2
3551
4229
4
99
32
66
66
4
99
32
66
66
-------------------
3558
Add
2
3556
5
4
99
32
66
66
4
99
32
66
66
-------------------
4511
SoftmaxBasic
1
3558
3
3168
66
66
-------------------
4512
SoftmaxBasic
2
3558
4511
3
3168
66
66
2
3168
66
-------------------
4513
SoftmaxBasic
1
4512
3
3168
66
66
-------------------
4514
SoftmaxBasic
2
4512
4513
3
3168
66
66
2
3168
66
-------------------
3572
BatchMatMul
2
4514
3564
3
3168
66
66
3
3168
66
128
-------------------
3577
Dot
2
3572
404
3
99
66
4096
2
4096
4096
-------------------
3579
Add
2
405
3577
3
99
66
4096
3
99
66
4096
-------------------
3580
Add
2
3504
3579
3
99
66
4096
3
99
66
4096
-------------------
3582
Sum
1
3580
2
6534
4096
-------------------
3585
Divide
2
3582
3583
1
6534
1
6534
-------------------
3589
Subtract
2
3580
3585
2
6534
4096
2
6534
4096
-------------------
3590
Multiply
2
3589
3589
2
6534
4096
2
6534
4096
-------------------
3591
Sum
1
3590
2
6534
4096
-------------------
3594
Divide
2
3591
3592
1
6534
1
6534
-------------------
3598
Add
2
3594
4230
2
6534
1
2
6534
1
-------------------
3599
Sqrt
1
3598
2
6534
1
-------------------
3602
Divide
2
3589
3599
2
6534
4096
2
6534
4096
-------------------
3604
Multiply
2
3602
18
2
6534
4096
2
6534
4096
-------------------
3606
Add
2
3604
411
2
6534
4096
2
6534
4096
-------------------
3607
Dot
2
3606
407
2
6534
4096
2
16384
4096
-------------------
3609
Add
2
3607
408
2
6534
16384
2
6534
16384
-------------------
3610
Relu
1
3609
2
6534
16384
-------------------
3611
Dot
2
3610
409
2
6534
16384
2
4096
16384
-------------------
3613
Add
2
3611
410
2
6534
4096
2
6534
4096
-------------------
3614
Add
2
3580
3613
2
6534
4096
2
6534
4096
-------------------
3616
Sum
1
3614
3
99
66
4096
-------------------
3619
Divide
2
3616
3617
2
99
66
2
99
66
-------------------
3623
Subtract
2
3614
3619
3
99
66
4096
3
99
66
4096
-------------------
3624
Multiply
2
3623
3623
3
99
66
4096
3
99
66
4096
-------------------
3625
Sum
1
3624
3
99
66
4096
-------------------
3628
Divide
2
3625
3626
2
99
66
2
99
66
-------------------
3632
Add
2
3628
4231
3
99
66
1
3
99
66
1
-------------------
3633
Sqrt
1
3632
3
99
66
1
-------------------
3636
Divide
2
3623
3633
3
99
66
4096
3
99
66
4096
-------------------
3638
Multiply
2
3636
18
3
99
66
4096
3
99
66
4096
-------------------
3640
Add
2
3638
420
3
99
66
4096
3
99
66
4096
-------------------
4384
Dot
2
3640
4383
3
99
66
4096
2
4096
12288
-------------------
3674
Add
2
415
4384
3
99
66
4096
3
99
66
4096
-------------------
3643
Add
2
413
4384
3
99
66
4096
3
99
66
4096
-------------------
3651
Add
2
417
4384
3
99
66
4096
3
99
66
4096
-------------------
3653
Multiply
2
3651
14
3
99
66
4096
3
99
66
4096
-------------------
3661
BatchMatMul
2
3653
3643
3
3168
66
128
3
3168
128
66
-------------------
3666
Add
2
3661
4232
4
99
32
66
66
4
99
32
66
66
-------------------
3668
Add
2
3666
5
4
99
32
66
66
4
99
32
66
66
-------------------
4515
SoftmaxBasic
1
3668
3
3168
66
66
-------------------
4516
SoftmaxBasic
2
3668
4515
3
3168
66
66
2
3168
66
-------------------
4517
SoftmaxBasic
1
4516
3
3168
66
66
-------------------
4518
SoftmaxBasic
2
4516
4517
3
3168
66
66
2
3168
66
-------------------
3682
BatchMatMul
2
4518
3674
3
3168
66
66
3
3168
66
128
-------------------
3687
Dot
2
3682
418
3
99
66
4096
2
4096
4096
-------------------
3689
Add
2
419
3687
3
99
66
4096
3
99
66
4096
-------------------
3690
Add
2
3614
3689
3
99
66
4096
3
99
66
4096
-------------------
3692
Sum
1
3690
2
6534
4096
-------------------
3695
Divide
2
3692
3693
1
6534
1
6534
-------------------
3699
Subtract
2
3690
3695
2
6534
4096
2
6534
4096
-------------------
3700
Multiply
2
3699
3699
2
6534
4096
2
6534
4096
-------------------
3701
Sum
1
3700
2
6534
4096
-------------------
3704
Divide
2
3701
3702
1
6534
1
6534
-------------------
3708
Add
2
3704
4189
2
6534
1
2
6534
1
-------------------
3709
Sqrt
1
3708
2
6534
1
-------------------
3712
Divide
2
3699
3709
2
6534
4096
2
6534
4096
-------------------
3714
Multiply
2
3712
18
2
6534
4096
2
6534
4096
-------------------
3716
Add
2
3714
425
2
6534
4096
2
6534
4096
-------------------
3717
Dot
2
3716
421
2
6534
4096
2
16384
4096
-------------------
3719
Add
2
3717
422
2
6534
16384
2
6534
16384
-------------------
3720
Relu
1
3719
2
6534
16384
-------------------
3721
Dot
2
3720
423
2
6534
16384
2
4096
16384
-------------------
3723
Add
2
3721
424
2
6534
4096
2
6534
4096
-------------------
3724
Add
2
3690
3723
2
6534
4096
2
6534
4096
-------------------
3726
Sum
1
3724
3
99
66
4096
-------------------
3729
Divide
2
3726
3727
2
99
66
2
99
66
-------------------
3733
Subtract
2
3724
3729
3
99
66
4096
3
99
66
4096
-------------------
3734
Multiply
2
3733
3733
3
99
66
4096
3
99
66
4096
-------------------
3735
Sum
1
3734
3
99
66
4096
-------------------
3738
Divide
2
3735
3736
2
99
66
2
99
66
-------------------
3742
Add
2
3738
4233
3
99
66
1
3
99
66
1
-------------------
3743
Sqrt
1
3742
3
99
66
1
-------------------
3746
Divide
2
3733
3743
3
99
66
4096
3
99
66
4096
-------------------
3748
Multiply
2
3746
18
3
99
66
4096
3
99
66
4096
-------------------
3750
Add
2
3748
434
3
99
66
4096
3
99
66
4096
-------------------
4389
Dot
2
3750
4388
3
99
66
4096
2
4096
12288
-------------------
3784
Add
2
429
4389
3
99
66
4096
3
99
66
4096
-------------------
3753
Add
2
427
4389
3
99
66
4096
3
99
66
4096
-------------------
3761
Add
2
431
4389
3
99
66
4096
3
99
66
4096
-------------------
3763
Multiply
2
3761
14
3
99
66
4096
3
99
66
4096
-------------------
3771
BatchMatMul
2
3763
3753
3
3168
66
128
3
3168
128
66
-------------------
3776
Add
2
3771
4234
4
99
32
66
66
4
99
32
66
66
-------------------
3778
Add
2
3776
5
4
99
32
66
66
4
99
32
66
66
-------------------
4519
SoftmaxBasic
1
3778
3
3168
66
66
-------------------
4520
SoftmaxBasic
2
3778
4519
3
3168
66
66
2
3168
66
-------------------
4521
SoftmaxBasic
1
4520
3
3168
66
66
-------------------
4522
SoftmaxBasic
2
4520
4521
3
3168
66
66
2
3168
66
-------------------
3792
BatchMatMul
2
4522
3784
3
3168
66
66
3
3168
66
128
-------------------
3797
Dot
2
3792
432
3
99
66
4096
2
4096
4096
-------------------
3799
Add
2
433
3797
3
99
66
4096
3
99
66
4096
-------------------
3800
Add
2
3724
3799
3
99
66
4096
3
99
66
4096
-------------------
3802
Sum
1
3800
2
6534
4096
-------------------
3805
Divide
2
3802
3803
1
6534
1
6534
-------------------
3809
Subtract
2
3800
3805
2
6534
4096
2
6534
4096
-------------------
3810
Multiply
2
3809
3809
2
6534
4096
2
6534
4096
-------------------
3811
Sum
1
3810
2
6534
4096
-------------------
3814
Divide
2
3811
3812
1
6534
1
6534
-------------------
3818
Add
2
3814
4235
2
6534
1
2
6534
1
-------------------
3819
Sqrt
1
3818
2
6534
1
-------------------
3822
Divide
2
3809
3819
2
6534
4096
2
6534
4096
-------------------
3824
Multiply
2
3822
18
2
6534
4096
2
6534
4096
-------------------
3826
Add
2
3824
439
2
6534
4096
2
6534
4096
-------------------
3827
Dot
2
3826
435
2
6534
4096
2
16384
4096
-------------------
3829
Add
2
3827
436
2
6534
16384
2
6534
16384
-------------------
3830
Relu
1
3829
2
6534
16384
-------------------
3831
Dot
2
3830
437
2
6534
16384
2
4096
16384
-------------------
3833
Add
2
3831
438
2
6534
4096
2
6534
4096
-------------------
3834
Add
2
3800
3833
2
6534
4096
2
6534
4096
-------------------
3836
Sum
1
3834
3
99
66
4096
-------------------
3839
Divide
2
3836
3837
2
99
66
2
99
66
-------------------
3843
Subtract
2
3834
3839
3
99
66
4096
3
99
66
4096
-------------------
3844
Multiply
2
3843
3843
3
99
66
4096
3
99
66
4096
-------------------
3845
Sum
1
3844
3
99
66
4096
-------------------
3848
Divide
2
3845
3846
2
99
66
2
99
66
-------------------
3852
Add
2
3848
4236
3
99
66
1
3
99
66
1
-------------------
3853
Sqrt
1
3852
3
99
66
1
-------------------
3856
Divide
2
3843
3853
3
99
66
4096
3
99
66
4096
-------------------
3858
Multiply
2
3856
18
3
99
66
4096
3
99
66
4096
-------------------
3860
Add
2
3858
448
3
99
66
4096
3
99
66
4096
-------------------
4394
Dot
2
3860
4393
3
99
66
4096
2
4096
12288
-------------------
3894
Add
2
443
4394
3
99
66
4096
3
99
66
4096
-------------------
3863
Add
2
441
4394
3
99
66
4096
3
99
66
4096
-------------------
3871
Add
2
445
4394
3
99
66
4096
3
99
66
4096
-------------------
3873
Multiply
2
3871
14
3
99
66
4096
3
99
66
4096
-------------------
3881
BatchMatMul
2
3873
3863
3
3168
66
128
3
3168
128
66
-------------------
3886
Add
2
3881
4237
4
99
32
66
66
4
99
32
66
66
-------------------
3888
Add
2
3886
5
4
99
32
66
66
4
99
32
66
66
-------------------
4523
SoftmaxBasic
1
3888
3
3168
66
66
-------------------
4524
SoftmaxBasic
2
3888
4523
3
3168
66
66
2
3168
66
-------------------
4525
SoftmaxBasic
1
4524
3
3168
66
66
-------------------
4526
SoftmaxBasic
2
4524
4525
3
3168
66
66
2
3168
66
-------------------
3902
BatchMatMul
2
4526
3894
3
3168
66
66
3
3168
66
128
-------------------
3907
Dot
2
3902
446
3
99
66
4096
2
4096
4096
-------------------
3909
Add
2
447
3907
3
99
66
4096
3
99
66
4096
-------------------
3910
Add
2
3834
3909
3
99
66
4096
3
99
66
4096
-------------------
3912
Sum
1
3910
2
6534
4096
-------------------
3915
Divide
2
3912
3913
1
6534
1
6534
-------------------
3919
Subtract
2
3910
3915
2
6534
4096
2
6534
4096
-------------------
3920
Multiply
2
3919
3919
2
6534
4096
2
6534
4096
-------------------
3921
Sum
1
3920
2
6534
4096
-------------------
3924
Divide
2
3921
3922
1
6534
1
6534
-------------------
3928
Add
2
3924
4238
2
6534
1
2
6534
1
-------------------
3929
Sqrt
1
3928
2
6534
1
-------------------
3932
Divide
2
3919
3929
2
6534
4096
2
6534
4096
-------------------
3934
Multiply
2
3932
18
2
6534
4096
2
6534
4096
-------------------
3936
Add
2
3934
453
2
6534
4096
2
6534
4096
-------------------
3937
Dot
2
3936
449
2
6534
4096
2
16384
4096
-------------------
3939
Add
2
3937
450
2
6534
16384
2
6534
16384
-------------------
3940
Relu
1
3939
2
6534
16384
-------------------
3941
Dot
2
3940
451
2
6534
16384
2
4096
16384
-------------------
3943
Add
2
3941
452
2
6534
4096
2
6534
4096
-------------------
3944
Add
2
3910
3943
2
6534
4096
2
6534
4096
-------------------
3946
Sum
1
3944
3
99
66
4096
-------------------
3949
Divide
2
3946
3947
2
99
66
2
99
66
-------------------
3953
Subtract
2
3944
3949
3
99
66
4096
3
99
66
4096
-------------------
3954
Multiply
2
3953
3953
3
99
66
4096
3
99
66
4096
-------------------
3955
Sum
1
3954
3
99
66
4096
-------------------
3958
Divide
2
3955
3956
2
99
66
2
99
66
-------------------
3962
Add
2
3958
4239
3
99
66
1
3
99
66
1
-------------------
3963
Sqrt
1
3962
3
99
66
1
-------------------
3966
Divide
2
3953
3963
3
99
66
4096
3
99
66
4096
-------------------
3968
Multiply
2
3966
18
3
99
66
4096
3
99
66
4096
-------------------
3970
Add
2
3968
462
3
99
66
4096
3
99
66
4096
-------------------
4399
Dot
2
3970
4398
3
99
66
4096
2
4096
12288
-------------------
4004
Add
2
457
4399
3
99
66
4096
3
99
66
4096
-------------------
3973
Add
2
455
4399
3
99
66
4096
3
99
66
4096
-------------------
3981
Add
2
459
4399
3
99
66
4096
3
99
66
4096
-------------------
3983
Multiply
2
3981
14
3
99
66
4096
3
99
66
4096
-------------------
3991
BatchMatMul
2
3983
3973
3
3168
66
128
3
3168
128
66
-------------------
3996
Add
2
3991
4240
4
99
32
66
66
4
99
32
66
66
-------------------
3998
Add
2
3996
5
4
99
32
66
66
4
99
32
66
66
-------------------
4527
SoftmaxBasic
1
3998
3
3168
66
66
-------------------
4528
SoftmaxBasic
2
3998
4527
3
3168
66
66
2
3168
66
-------------------
4529
SoftmaxBasic
1
4528
3
3168
66
66
-------------------
4530
SoftmaxBasic
2
4528
4529
3
3168
66
66
2
3168
66
-------------------
4012
BatchMatMul
2
4530
4004
3
3168
66
66
3
3168
66
128
-------------------
4017
Dot
2
4012
460
3
99
66
4096
2
4096
4096
-------------------
4019
Add
2
461
4017
3
99
66
4096
3
99
66
4096
-------------------
4020
Add
2
3944
4019
3
99
66
4096
3
99
66
4096
-------------------
4022
Sum
1
4020
2
6534
4096
-------------------
4025
Divide
2
4022
4023
1
6534
1
6534
-------------------
4029
Subtract
2
4020
4025
2
6534
4096
2
6534
4096
-------------------
4030
Multiply
2
4029
4029
2
6534
4096
2
6534
4096
-------------------
4031
Sum
1
4030
2
6534
4096
-------------------
4034
Divide
2
4031
4032
1
6534
1
6534
-------------------
4038
Add
2
4034
4241
2
6534
1
2
6534
1
-------------------
4039
Sqrt
1
4038
2
6534
1
-------------------
4042
Divide
2
4029
4039
2
6534
4096
2
6534
4096
-------------------
4044
Multiply
2
4042
18
2
6534
4096
2
6534
4096
-------------------
4046
Add
2
4044
467
2
6534
4096
2
6534
4096
-------------------
4047
Dot
2
4046
463
2
6534
4096
2
16384
4096
-------------------
4049
Add
2
4047
464
2
6534
16384
2
6534
16384
-------------------
4050
Relu
1
4049
2
6534
16384
-------------------
4051
Dot
2
4050
465
2
6534
16384
2
4096
16384
-------------------
4053
Add
2
4051
466
2
6534
4096
2
6534
4096
-------------------
4054
Add
2
4020
4053
2
6534
4096
2
6534
4096
-------------------
4056
Sum
1
4054
3
99
66
4096
-------------------
4059
Divide
2
4056
4057
2
99
66
2
99
66
-------------------
4063
Subtract
2
4054
4059
3
99
66
4096
3
99
66
4096
-------------------
4064
Multiply
2
4063
4063
3
99
66
4096
3
99
66
4096
-------------------
4065
Sum
1
4064
3
99
66
4096
-------------------
4068
Divide
2
4065
4066
2
99
66
2
99
66
-------------------
4072
Add
2
4068
4242
3
99
66
1
3
99
66
1
-------------------
4073
Sqrt
1
4072
3
99
66
1
-------------------
4076
Divide
2
4063
4073
3
99
66
4096
3
99
66
4096
-------------------
4078
Multiply
2
4076
18
3
99
66
4096
3
99
66
4096
-------------------
4080
Add
2
4078
19
3
99
66
4096
3
99
66
4096
-------------------
