355
404
GatherV2
2
17
666673
2
2050
2048
2
99
66
-------------------
406
GatherV2
2
16
666681
2
50272
2048
2
99
66
-------------------
407
Add
2
406
404
3
99
66
2048
3
99
66
2048
-------------------
408
Sum
1
407
3
99
66
2048
-------------------
411
Divide
2
408
409
2
99
66
2
99
66
-------------------
415
Subtract
2
407
411
3
99
66
2048
3
99
66
2048
-------------------
416
Multiply
2
415
415
3
99
66
2048
3
99
66
2048
-------------------
417
Sum
1
416
3
99
66
2048
-------------------
420
Divide
2
417
418
2
99
66
2
99
66
-------------------
424
Add
2
420
3122
3
99
66
1
3
99
66
1
-------------------
425
Sqrt
1
424
3
99
66
1
-------------------
428
Divide
2
415
425
3
99
66
2048
3
99
66
2048
-------------------
430
Multiply
2
428
18
3
99
66
2048
3
99
66
2048
-------------------
432
Add
2
430
28
3
99
66
2048
3
99
66
2048
-------------------
3196
Dot
2
432
3195
3
99
66
2048
2
2048
6144
-------------------
466
Add
2
23
3196
3
99
66
2048
3
99
66
2048
-------------------
435
Add
2
21
3196
3
99
66
2048
3
99
66
2048
-------------------
443
Add
2
25
3196
3
99
66
2048
3
99
66
2048
-------------------
445
Multiply
2
443
6
3
99
66
2048
3
99
66
2048
-------------------
453
BatchMatMul
2
445
435
3
3168
66
64
3
3168
64
66
-------------------
458
Add
2
453
3123
4
99
32
66
66
4
99
32
66
66
-------------------
460
Add
2
458
1
4
99
32
66
66
4
99
32
66
66
-------------------
3315
SoftmaxBasic
1
460
3
3168
66
66
-------------------
3316
SoftmaxBasic
2
460
3315
3
3168
66
66
2
3168
66
-------------------
3317
SoftmaxBasic
1
3316
3
3168
66
66
-------------------
3318
SoftmaxBasic
2
3316
3317
3
3168
66
66
2
3168
66
-------------------
474
BatchMatMul
2
3318
466
3
3168
66
66
3
3168
66
64
-------------------
479
Dot
2
474
26
3
99
66
2048
2
2048
2048
-------------------
481
Add
2
27
479
3
99
66
2048
3
99
66
2048
-------------------
482
Add
2
407
481
3
99
66
2048
3
99
66
2048
-------------------
484
Sum
1
482
2
6534
2048
-------------------
487
Divide
2
484
485
1
6534
1
6534
-------------------
491
Subtract
2
482
487
2
6534
2048
2
6534
2048
-------------------
492
Multiply
2
491
491
2
6534
2048
2
6534
2048
-------------------
493
Sum
1
492
2
6534
2048
-------------------
496
Divide
2
493
494
1
6534
1
6534
-------------------
500
Add
2
496
3124
2
6534
1
2
6534
1
-------------------
501
Sqrt
1
500
2
6534
1
-------------------
504
Divide
2
491
501
2
6534
2048
2
6534
2048
-------------------
506
Multiply
2
504
18
2
6534
2048
2
6534
2048
-------------------
508
Add
2
506
33
2
6534
2048
2
6534
2048
-------------------
509
Dot
2
508
29
2
6534
2048
2
8192
2048
-------------------
511
Add
2
509
30
2
6534
8192
2
6534
8192
-------------------
512
Relu
1
511
2
6534
8192
-------------------
513
Dot
2
512
31
2
6534
8192
2
2048
8192
-------------------
515
Add
2
513
32
2
6534
2048
2
6534
2048
-------------------
516
Add
2
482
515
2
6534
2048
2
6534
2048
-------------------
518
Sum
1
516
3
99
66
2048
-------------------
521
Divide
2
518
519
2
99
66
2
99
66
-------------------
525
Subtract
2
516
521
3
99
66
2048
3
99
66
2048
-------------------
526
Multiply
2
525
525
3
99
66
2048
3
99
66
2048
-------------------
527
Sum
1
526
3
99
66
2048
-------------------
530
Divide
2
527
528
2
99
66
2
99
66
-------------------
534
Add
2
530
3125
3
99
66
1
3
99
66
1
-------------------
535
Sqrt
1
534
3
99
66
1
-------------------
538
Divide
2
525
535
3
99
66
2048
3
99
66
2048
-------------------
540
Multiply
2
538
18
3
99
66
2048
3
99
66
2048
-------------------
542
Add
2
540
42
3
99
66
2048
3
99
66
2048
-------------------
3201
Dot
2
542
3200
3
99
66
2048
2
2048
6144
-------------------
576
Add
2
37
3201
3
99
66
2048
3
99
66
2048
-------------------
545
Add
2
35
3201
3
99
66
2048
3
99
66
2048
-------------------
553
Add
2
39
3201
3
99
66
2048
3
99
66
2048
-------------------
555
Multiply
2
553
6
3
99
66
2048
3
99
66
2048
-------------------
563
BatchMatMul
2
555
545
3
3168
66
64
3
3168
64
66
-------------------
568
Add
2
563
3126
4
99
32
66
66
4
99
32
66
66
-------------------
570
Add
2
568
1
4
99
32
66
66
4
99
32
66
66
-------------------
3319
SoftmaxBasic
1
570
3
3168
66
66
-------------------
3320
SoftmaxBasic
2
570
3319
3
3168
66
66
2
3168
66
-------------------
3321
SoftmaxBasic
1
3320
3
3168
66
66
-------------------
3322
SoftmaxBasic
2
3320
3321
3
3168
66
66
2
3168
66
-------------------
584
BatchMatMul
2
3322
576
3
3168
66
66
3
3168
66
64
-------------------
589
Dot
2
584
40
3
99
66
2048
2
2048
2048
-------------------
591
Add
2
41
589
3
99
66
2048
3
99
66
2048
-------------------
592
Add
2
516
591
3
99
66
2048
3
99
66
2048
-------------------
594
Sum
1
592
2
6534
2048
-------------------
597
Divide
2
594
595
1
6534
1
6534
-------------------
601
Subtract
2
592
597
2
6534
2048
2
6534
2048
-------------------
602
Multiply
2
601
601
2
6534
2048
2
6534
2048
-------------------
603
Sum
1
602
2
6534
2048
-------------------
606
Divide
2
603
604
1
6534
1
6534
-------------------
610
Add
2
606
3127
2
6534
1
2
6534
1
-------------------
611
Sqrt
1
610
2
6534
1
-------------------
614
Divide
2
601
611
2
6534
2048
2
6534
2048
-------------------
616
Multiply
2
614
18
2
6534
2048
2
6534
2048
-------------------
618
Add
2
616
47
2
6534
2048
2
6534
2048
-------------------
619
Dot
2
618
43
2
6534
2048
2
8192
2048
-------------------
621
Add
2
619
44
2
6534
8192
2
6534
8192
-------------------
622
Relu
1
621
2
6534
8192
-------------------
623
Dot
2
622
45
2
6534
8192
2
2048
8192
-------------------
625
Add
2
623
46
2
6534
2048
2
6534
2048
-------------------
626
Add
2
592
625
2
6534
2048
2
6534
2048
-------------------
628
Sum
1
626
3
99
66
2048
-------------------
631
Divide
2
628
629
2
99
66
2
99
66
-------------------
635
Subtract
2
626
631
3
99
66
2048
3
99
66
2048
-------------------
636
Multiply
2
635
635
3
99
66
2048
3
99
66
2048
-------------------
637
Sum
1
636
3
99
66
2048
-------------------
640
Divide
2
637
638
2
99
66
2
99
66
-------------------
644
Add
2
640
3128
3
99
66
1
3
99
66
1
-------------------
645
Sqrt
1
644
3
99
66
1
-------------------
648
Divide
2
635
645
3
99
66
2048
3
99
66
2048
-------------------
650
Multiply
2
648
18
3
99
66
2048
3
99
66
2048
-------------------
652
Add
2
650
56
3
99
66
2048
3
99
66
2048
-------------------
3206
Dot
2
652
3205
3
99
66
2048
2
2048
6144
-------------------
686
Add
2
51
3206
3
99
66
2048
3
99
66
2048
-------------------
655
Add
2
49
3206
3
99
66
2048
3
99
66
2048
-------------------
663
Add
2
53
3206
3
99
66
2048
3
99
66
2048
-------------------
665
Multiply
2
663
6
3
99
66
2048
3
99
66
2048
-------------------
673
BatchMatMul
2
665
655
3
3168
66
64
3
3168
64
66
-------------------
678
Add
2
673
3129
4
99
32
66
66
4
99
32
66
66
-------------------
680
Add
2
678
1
4
99
32
66
66
4
99
32
66
66
-------------------
3323
SoftmaxBasic
1
680
3
3168
66
66
-------------------
3324
SoftmaxBasic
2
680
3323
3
3168
66
66
2
3168
66
-------------------
3325
SoftmaxBasic
1
3324
3
3168
66
66
-------------------
3326
SoftmaxBasic
2
3324
3325
3
3168
66
66
2
3168
66
-------------------
694
BatchMatMul
2
3326
686
3
3168
66
66
3
3168
66
64
-------------------
699
Dot
2
694
54
3
99
66
2048
2
2048
2048
-------------------
701
Add
2
55
699
3
99
66
2048
3
99
66
2048
-------------------
702
Add
2
626
701
3
99
66
2048
3
99
66
2048
-------------------
704
Sum
1
702
2
6534
2048
-------------------
707
Divide
2
704
705
1
6534
1
6534
-------------------
711
Subtract
2
702
707
2
6534
2048
2
6534
2048
-------------------
712
Multiply
2
711
711
2
6534
2048
2
6534
2048
-------------------
713
Sum
1
712
2
6534
2048
-------------------
716
Divide
2
713
714
1
6534
1
6534
-------------------
720
Add
2
716
3130
2
6534
1
2
6534
1
-------------------
721
Sqrt
1
720
2
6534
1
-------------------
724
Divide
2
711
721
2
6534
2048
2
6534
2048
-------------------
726
Multiply
2
724
18
2
6534
2048
2
6534
2048
-------------------
728
Add
2
726
61
2
6534
2048
2
6534
2048
-------------------
729
Dot
2
728
57
2
6534
2048
2
8192
2048
-------------------
731
Add
2
729
58
2
6534
8192
2
6534
8192
-------------------
732
Relu
1
731
2
6534
8192
-------------------
733
Dot
2
732
59
2
6534
8192
2
2048
8192
-------------------
735
Add
2
733
60
2
6534
2048
2
6534
2048
-------------------
736
Add
2
702
735
2
6534
2048
2
6534
2048
-------------------
738
Sum
1
736
3
99
66
2048
-------------------
741
Divide
2
738
739
2
99
66
2
99
66
-------------------
745
Subtract
2
736
741
3
99
66
2048
3
99
66
2048
-------------------
746
Multiply
2
745
745
3
99
66
2048
3
99
66
2048
-------------------
747
Sum
1
746
3
99
66
2048
-------------------
750
Divide
2
747
748
2
99
66
2
99
66
-------------------
754
Add
2
750
3131
3
99
66
1
3
99
66
1
-------------------
755
Sqrt
1
754
3
99
66
1
-------------------
758
Divide
2
745
755
3
99
66
2048
3
99
66
2048
-------------------
760
Multiply
2
758
18
3
99
66
2048
3
99
66
2048
-------------------
762
Add
2
760
70
3
99
66
2048
3
99
66
2048
-------------------
3211
Dot
2
762
3210
3
99
66
2048
2
2048
6144
-------------------
796
Add
2
65
3211
3
99
66
2048
3
99
66
2048
-------------------
765
Add
2
63
3211
3
99
66
2048
3
99
66
2048
-------------------
773
Add
2
67
3211
3
99
66
2048
3
99
66
2048
-------------------
775
Multiply
2
773
6
3
99
66
2048
3
99
66
2048
-------------------
783
BatchMatMul
2
775
765
3
3168
66
64
3
3168
64
66
-------------------
788
Add
2
783
3132
4
99
32
66
66
4
99
32
66
66
-------------------
790
Add
2
788
1
4
99
32
66
66
4
99
32
66
66
-------------------
3327
SoftmaxBasic
1
790
3
3168
66
66
-------------------
3328
SoftmaxBasic
2
790
3327
3
3168
66
66
2
3168
66
-------------------
3329
SoftmaxBasic
1
3328
3
3168
66
66
-------------------
3330
SoftmaxBasic
2
3328
3329
3
3168
66
66
2
3168
66
-------------------
804
BatchMatMul
2
3330
796
3
3168
66
66
3
3168
66
64
-------------------
809
Dot
2
804
68
3
99
66
2048
2
2048
2048
-------------------
811
Add
2
69
809
3
99
66
2048
3
99
66
2048
-------------------
812
Add
2
736
811
3
99
66
2048
3
99
66
2048
-------------------
814
Sum
1
812
2
6534
2048
-------------------
817
Divide
2
814
815
1
6534
1
6534
-------------------
821
Subtract
2
812
817
2
6534
2048
2
6534
2048
-------------------
822
Multiply
2
821
821
2
6534
2048
2
6534
2048
-------------------
823
Sum
1
822
2
6534
2048
-------------------
826
Divide
2
823
824
1
6534
1
6534
-------------------
830
Add
2
826
3133
2
6534
1
2
6534
1
-------------------
831
Sqrt
1
830
2
6534
1
-------------------
834
Divide
2
821
831
2
6534
2048
2
6534
2048
-------------------
836
Multiply
2
834
18
2
6534
2048
2
6534
2048
-------------------
838
Add
2
836
75
2
6534
2048
2
6534
2048
-------------------
839
Dot
2
838
71
2
6534
2048
2
8192
2048
-------------------
841
Add
2
839
72
2
6534
8192
2
6534
8192
-------------------
842
Relu
1
841
2
6534
8192
-------------------
843
Dot
2
842
73
2
6534
8192
2
2048
8192
-------------------
845
Add
2
843
74
2
6534
2048
2
6534
2048
-------------------
846
Add
2
812
845
2
6534
2048
2
6534
2048
-------------------
848
Sum
1
846
3
99
66
2048
-------------------
851
Divide
2
848
849
2
99
66
2
99
66
-------------------
855
Subtract
2
846
851
3
99
66
2048
3
99
66
2048
-------------------
856
Multiply
2
855
855
3
99
66
2048
3
99
66
2048
-------------------
857
Sum
1
856
3
99
66
2048
-------------------
860
Divide
2
857
858
2
99
66
2
99
66
-------------------
864
Add
2
860
3134
3
99
66
1
3
99
66
1
-------------------
865
Sqrt
1
864
3
99
66
1
-------------------
868
Divide
2
855
865
3
99
66
2048
3
99
66
2048
-------------------
870
Multiply
2
868
18
3
99
66
2048
3
99
66
2048
-------------------
872
Add
2
870
84
3
99
66
2048
3
99
66
2048
-------------------
3216
Dot
2
872
3215
3
99
66
2048
2
2048
6144
-------------------
906
Add
2
79
3216
3
99
66
2048
3
99
66
2048
-------------------
875
Add
2
77
3216
3
99
66
2048
3
99
66
2048
-------------------
883
Add
2
81
3216
3
99
66
2048
3
99
66
2048
-------------------
885
Multiply
2
883
6
3
99
66
2048
3
99
66
2048
-------------------
893
BatchMatMul
2
885
875
3
3168
66
64
3
3168
64
66
-------------------
898
Add
2
893
3135
4
99
32
66
66
4
99
32
66
66
-------------------
900
Add
2
898
1
4
99
32
66
66
4
99
32
66
66
-------------------
3331
SoftmaxBasic
1
900
3
3168
66
66
-------------------
3332
SoftmaxBasic
2
900
3331
3
3168
66
66
2
3168
66
-------------------
3333
SoftmaxBasic
1
3332
3
3168
66
66
-------------------
3334
SoftmaxBasic
2
3332
3333
3
3168
66
66
2
3168
66
-------------------
914
BatchMatMul
2
3334
906
3
3168
66
66
3
3168
66
64
-------------------
919
Dot
2
914
82
3
99
66
2048
2
2048
2048
-------------------
921
Add
2
83
919
3
99
66
2048
3
99
66
2048
-------------------
922
Add
2
846
921
3
99
66
2048
3
99
66
2048
-------------------
924
Sum
1
922
2
6534
2048
-------------------
927
Divide
2
924
925
1
6534
1
6534
-------------------
931
Subtract
2
922
927
2
6534
2048
2
6534
2048
-------------------
932
Multiply
2
931
931
2
6534
2048
2
6534
2048
-------------------
933
Sum
1
932
2
6534
2048
-------------------
936
Divide
2
933
934
1
6534
1
6534
-------------------
940
Add
2
936
3136
2
6534
1
2
6534
1
-------------------
941
Sqrt
1
940
2
6534
1
-------------------
944
Divide
2
931
941
2
6534
2048
2
6534
2048
-------------------
946
Multiply
2
944
18
2
6534
2048
2
6534
2048
-------------------
948
Add
2
946
89
2
6534
2048
2
6534
2048
-------------------
949
Dot
2
948
85
2
6534
2048
2
8192
2048
-------------------
951
Add
2
949
86
2
6534
8192
2
6534
8192
-------------------
952
Relu
1
951
2
6534
8192
-------------------
953
Dot
2
952
87
2
6534
8192
2
2048
8192
-------------------
955
Add
2
953
88
2
6534
2048
2
6534
2048
-------------------
956
Add
2
922
955
2
6534
2048
2
6534
2048
-------------------
958
Sum
1
956
3
99
66
2048
-------------------
961
Divide
2
958
959
2
99
66
2
99
66
-------------------
965
Subtract
2
956
961
3
99
66
2048
3
99
66
2048
-------------------
966
Multiply
2
965
965
3
99
66
2048
3
99
66
2048
-------------------
967
Sum
1
966
3
99
66
2048
-------------------
970
Divide
2
967
968
2
99
66
2
99
66
-------------------
974
Add
2
970
3137
3
99
66
1
3
99
66
1
-------------------
975
Sqrt
1
974
3
99
66
1
-------------------
978
Divide
2
965
975
3
99
66
2048
3
99
66
2048
-------------------
980
Multiply
2
978
18
3
99
66
2048
3
99
66
2048
-------------------
982
Add
2
980
98
3
99
66
2048
3
99
66
2048
-------------------
3221
Dot
2
982
3220
3
99
66
2048
2
2048
6144
-------------------
1016
Add
2
93
3221
3
99
66
2048
3
99
66
2048
-------------------
985
Add
2
91
3221
3
99
66
2048
3
99
66
2048
-------------------
993
Add
2
95
3221
3
99
66
2048
3
99
66
2048
-------------------
995
Multiply
2
993
6
3
99
66
2048
3
99
66
2048
-------------------
1003
BatchMatMul
2
995
985
3
3168
66
64
3
3168
64
66
-------------------
1008
Add
2
1003
3138
4
99
32
66
66
4
99
32
66
66
-------------------
1010
Add
2
1008
1
4
99
32
66
66
4
99
32
66
66
-------------------
3335
SoftmaxBasic
1
1010
3
3168
66
66
-------------------
3336
SoftmaxBasic
2
1010
3335
3
3168
66
66
2
3168
66
-------------------
3337
SoftmaxBasic
1
3336
3
3168
66
66
-------------------
3338
SoftmaxBasic
2
3336
3337
3
3168
66
66
2
3168
66
-------------------
1024
BatchMatMul
2
3338
1016
3
3168
66
66
3
3168
66
64
-------------------
1029
Dot
2
1024
96
3
99
66
2048
2
2048
2048
-------------------
1031
Add
2
97
1029
3
99
66
2048
3
99
66
2048
-------------------
1032
Add
2
956
1031
3
99
66
2048
3
99
66
2048
-------------------
1034
Sum
1
1032
2
6534
2048
-------------------
1037
Divide
2
1034
1035
1
6534
1
6534
-------------------
1041
Subtract
2
1032
1037
2
6534
2048
2
6534
2048
-------------------
1042
Multiply
2
1041
1041
2
6534
2048
2
6534
2048
-------------------
1043
Sum
1
1042
2
6534
2048
-------------------
1046
Divide
2
1043
1044
1
6534
1
6534
-------------------
1050
Add
2
1046
3139
2
6534
1
2
6534
1
-------------------
1051
Sqrt
1
1050
2
6534
1
-------------------
1054
Divide
2
1041
1051
2
6534
2048
2
6534
2048
-------------------
1056
Multiply
2
1054
18
2
6534
2048
2
6534
2048
-------------------
1058
Add
2
1056
103
2
6534
2048
2
6534
2048
-------------------
1059
Dot
2
1058
99
2
6534
2048
2
8192
2048
-------------------
1061
Add
2
1059
100
2
6534
8192
2
6534
8192
-------------------
1062
Relu
1
1061
2
6534
8192
-------------------
1063
Dot
2
1062
101
2
6534
8192
2
2048
8192
-------------------
1065
Add
2
1063
102
2
6534
2048
2
6534
2048
-------------------
1066
Add
2
1032
1065
2
6534
2048
2
6534
2048
-------------------
1068
Sum
1
1066
3
99
66
2048
-------------------
1071
Divide
2
1068
1069
2
99
66
2
99
66
-------------------
1075
Subtract
2
1066
1071
3
99
66
2048
3
99
66
2048
-------------------
1076
Multiply
2
1075
1075
3
99
66
2048
3
99
66
2048
-------------------
1077
Sum
1
1076
3
99
66
2048
-------------------
1080
Divide
2
1077
1078
2
99
66
2
99
66
-------------------
1084
Add
2
1080
3140
3
99
66
1
3
99
66
1
-------------------
1085
Sqrt
1
1084
3
99
66
1
-------------------
1088
Divide
2
1075
1085
3
99
66
2048
3
99
66
2048
-------------------
1090
Multiply
2
1088
18
3
99
66
2048
3
99
66
2048
-------------------
1092
Add
2
1090
112
3
99
66
2048
3
99
66
2048
-------------------
3226
Dot
2
1092
3225
3
99
66
2048
2
2048
6144
-------------------
1126
Add
2
107
3226
3
99
66
2048
3
99
66
2048
-------------------
1095
Add
2
105
3226
3
99
66
2048
3
99
66
2048
-------------------
1103
Add
2
109
3226
3
99
66
2048
3
99
66
2048
-------------------
1105
Multiply
2
1103
6
3
99
66
2048
3
99
66
2048
-------------------
1113
BatchMatMul
2
1105
1095
3
3168
66
64
3
3168
64
66
-------------------
1118
Add
2
1113
3141
4
99
32
66
66
4
99
32
66
66
-------------------
1120
Add
2
1118
1
4
99
32
66
66
4
99
32
66
66
-------------------
3339
SoftmaxBasic
1
1120
3
3168
66
66
-------------------
3340
SoftmaxBasic
2
1120
3339
3
3168
66
66
2
3168
66
-------------------
3341
SoftmaxBasic
1
3340
3
3168
66
66
-------------------
3342
SoftmaxBasic
2
3340
3341
3
3168
66
66
2
3168
66
-------------------
1134
BatchMatMul
2
3342
1126
3
3168
66
66
3
3168
66
64
-------------------
1139
Dot
2
1134
110
3
99
66
2048
2
2048
2048
-------------------
1141
Add
2
111
1139
3
99
66
2048
3
99
66
2048
-------------------
1142
Add
2
1066
1141
3
99
66
2048
3
99
66
2048
-------------------
1144
Sum
1
1142
2
6534
2048
-------------------
1147
Divide
2
1144
1145
1
6534
1
6534
-------------------
1151
Subtract
2
1142
1147
2
6534
2048
2
6534
2048
-------------------
1152
Multiply
2
1151
1151
2
6534
2048
2
6534
2048
-------------------
1153
Sum
1
1152
2
6534
2048
-------------------
1156
Divide
2
1153
1154
1
6534
1
6534
-------------------
1160
Add
2
1156
3142
2
6534
1
2
6534
1
-------------------
1161
Sqrt
1
1160
2
6534
1
-------------------
1164
Divide
2
1151
1161
2
6534
2048
2
6534
2048
-------------------
1166
Multiply
2
1164
18
2
6534
2048
2
6534
2048
-------------------
1168
Add
2
1166
117
2
6534
2048
2
6534
2048
-------------------
1169
Dot
2
1168
113
2
6534
2048
2
8192
2048
-------------------
1171
Add
2
1169
114
2
6534
8192
2
6534
8192
-------------------
1172
Relu
1
1171
2
6534
8192
-------------------
1173
Dot
2
1172
115
2
6534
8192
2
2048
8192
-------------------
1175
Add
2
1173
116
2
6534
2048
2
6534
2048
-------------------
1176
Add
2
1142
1175
2
6534
2048
2
6534
2048
-------------------
1178
Sum
1
1176
3
99
66
2048
-------------------
1181
Divide
2
1178
1179
2
99
66
2
99
66
-------------------
1185
Subtract
2
1176
1181
3
99
66
2048
3
99
66
2048
-------------------
1186
Multiply
2
1185
1185
3
99
66
2048
3
99
66
2048
-------------------
1187
Sum
1
1186
3
99
66
2048
-------------------
1190
Divide
2
1187
1188
2
99
66
2
99
66
-------------------
1194
Add
2
1190
3143
3
99
66
1
3
99
66
1
-------------------
1195
Sqrt
1
1194
3
99
66
1
-------------------
1198
Divide
2
1185
1195
3
99
66
2048
3
99
66
2048
-------------------
1200
Multiply
2
1198
18
3
99
66
2048
3
99
66
2048
-------------------
1202
Add
2
1200
126
3
99
66
2048
3
99
66
2048
-------------------
3231
Dot
2
1202
3230
3
99
66
2048
2
2048
6144
-------------------
1236
Add
2
121
3231
3
99
66
2048
3
99
66
2048
-------------------
1205
Add
2
119
3231
3
99
66
2048
3
99
66
2048
-------------------
1213
Add
2
123
3231
3
99
66
2048
3
99
66
2048
-------------------
1215
Multiply
2
1213
6
3
99
66
2048
3
99
66
2048
-------------------
1223
BatchMatMul
2
1215
1205
3
3168
66
64
3
3168
64
66
-------------------
1228
Add
2
1223
3144
4
99
32
66
66
4
99
32
66
66
-------------------
1230
Add
2
1228
1
4
99
32
66
66
4
99
32
66
66
-------------------
3343
SoftmaxBasic
1
1230
3
3168
66
66
-------------------
3344
SoftmaxBasic
2
1230
3343
3
3168
66
66
2
3168
66
-------------------
3345
SoftmaxBasic
1
3344
3
3168
66
66
-------------------
3346
SoftmaxBasic
2
3344
3345
3
3168
66
66
2
3168
66
-------------------
1244
BatchMatMul
2
3346
1236
3
3168
66
66
3
3168
66
64
-------------------
1249
Dot
2
1244
124
3
99
66
2048
2
2048
2048
-------------------
1251
Add
2
125
1249
3
99
66
2048
3
99
66
2048
-------------------
1252
Add
2
1176
1251
3
99
66
2048
3
99
66
2048
-------------------
1254
Sum
1
1252
2
6534
2048
-------------------
1257
Divide
2
1254
1255
1
6534
1
6534
-------------------
1261
Subtract
2
1252
1257
2
6534
2048
2
6534
2048
-------------------
1262
Multiply
2
1261
1261
2
6534
2048
2
6534
2048
-------------------
1263
Sum
1
1262
2
6534
2048
-------------------
1266
Divide
2
1263
1264
1
6534
1
6534
-------------------
1270
Add
2
1266
3145
2
6534
1
2
6534
1
-------------------
1271
Sqrt
1
1270
2
6534
1
-------------------
1274
Divide
2
1261
1271
2
6534
2048
2
6534
2048
-------------------
1276
Multiply
2
1274
18
2
6534
2048
2
6534
2048
-------------------
1278
Add
2
1276
131
2
6534
2048
2
6534
2048
-------------------
1279
Dot
2
1278
127
2
6534
2048
2
8192
2048
-------------------
1281
Add
2
1279
128
2
6534
8192
2
6534
8192
-------------------
1282
Relu
1
1281
2
6534
8192
-------------------
1283
Dot
2
1282
129
2
6534
8192
2
2048
8192
-------------------
1285
Add
2
1283
130
2
6534
2048
2
6534
2048
-------------------
1286
Add
2
1252
1285
2
6534
2048
2
6534
2048
-------------------
1288
Sum
1
1286
3
99
66
2048
-------------------
1291
Divide
2
1288
1289
2
99
66
2
99
66
-------------------
1295
Subtract
2
1286
1291
3
99
66
2048
3
99
66
2048
-------------------
1296
Multiply
2
1295
1295
3
99
66
2048
3
99
66
2048
-------------------
1297
Sum
1
1296
3
99
66
2048
-------------------
1300
Divide
2
1297
1298
2
99
66
2
99
66
-------------------
1304
Add
2
1300
3146
3
99
66
1
3
99
66
1
-------------------
1305
Sqrt
1
1304
3
99
66
1
-------------------
1308
Divide
2
1295
1305
3
99
66
2048
3
99
66
2048
-------------------
1310
Multiply
2
1308
18
3
99
66
2048
3
99
66
2048
-------------------
1312
Add
2
1310
140
3
99
66
2048
3
99
66
2048
-------------------
3236
Dot
2
1312
3235
3
99
66
2048
2
2048
6144
-------------------
1346
Add
2
135
3236
3
99
66
2048
3
99
66
2048
-------------------
1315
Add
2
133
3236
3
99
66
2048
3
99
66
2048
-------------------
1323
Add
2
137
3236
3
99
66
2048
3
99
66
2048
-------------------
1325
Multiply
2
1323
6
3
99
66
2048
3
99
66
2048
-------------------
1333
BatchMatMul
2
1325
1315
3
3168
66
64
3
3168
64
66
-------------------
1338
Add
2
1333
3147
4
99
32
66
66
4
99
32
66
66
-------------------
1340
Add
2
1338
1
4
99
32
66
66
4
99
32
66
66
-------------------
3347
SoftmaxBasic
1
1340
3
3168
66
66
-------------------
3348
SoftmaxBasic
2
1340
3347
3
3168
66
66
2
3168
66
-------------------
3349
SoftmaxBasic
1
3348
3
3168
66
66
-------------------
3350
SoftmaxBasic
2
3348
3349
3
3168
66
66
2
3168
66
-------------------
1354
BatchMatMul
2
3350
1346
3
3168
66
66
3
3168
66
64
-------------------
1359
Dot
2
1354
138
3
99
66
2048
2
2048
2048
-------------------
1361
Add
2
139
1359
3
99
66
2048
3
99
66
2048
-------------------
1362
Add
2
1286
1361
3
99
66
2048
3
99
66
2048
-------------------
1364
Sum
1
1362
2
6534
2048
-------------------
1367
Divide
2
1364
1365
1
6534
1
6534
-------------------
1371
Subtract
2
1362
1367
2
6534
2048
2
6534
2048
-------------------
1372
Multiply
2
1371
1371
2
6534
2048
2
6534
2048
-------------------
1373
Sum
1
1372
2
6534
2048
-------------------
1376
Divide
2
1373
1374
1
6534
1
6534
-------------------
1380
Add
2
1376
3148
2
6534
1
2
6534
1
-------------------
1381
Sqrt
1
1380
2
6534
1
-------------------
1384
Divide
2
1371
1381
2
6534
2048
2
6534
2048
-------------------
1386
Multiply
2
1384
18
2
6534
2048
2
6534
2048
-------------------
1388
Add
2
1386
145
2
6534
2048
2
6534
2048
-------------------
1389
Dot
2
1388
141
2
6534
2048
2
8192
2048
-------------------
1391
Add
2
1389
142
2
6534
8192
2
6534
8192
-------------------
1392
Relu
1
1391
2
6534
8192
-------------------
1393
Dot
2
1392
143
2
6534
8192
2
2048
8192
-------------------
1395
Add
2
1393
144
2
6534
2048
2
6534
2048
-------------------
1396
Add
2
1362
1395
2
6534
2048
2
6534
2048
-------------------
1398
Sum
1
1396
3
99
66
2048
-------------------
1401
Divide
2
1398
1399
2
99
66
2
99
66
-------------------
1405
Subtract
2
1396
1401
3
99
66
2048
3
99
66
2048
-------------------
1406
Multiply
2
1405
1405
3
99
66
2048
3
99
66
2048
-------------------
1407
Sum
1
1406
3
99
66
2048
-------------------
1410
Divide
2
1407
1408
2
99
66
2
99
66
-------------------
1414
Add
2
1410
3149
3
99
66
1
3
99
66
1
-------------------
1415
Sqrt
1
1414
3
99
66
1
-------------------
1418
Divide
2
1405
1415
3
99
66
2048
3
99
66
2048
-------------------
1420
Multiply
2
1418
18
3
99
66
2048
3
99
66
2048
-------------------
1422
Add
2
1420
154
3
99
66
2048
3
99
66
2048
-------------------
3241
Dot
2
1422
3240
3
99
66
2048
2
2048
6144
-------------------
1456
Add
2
149
3241
3
99
66
2048
3
99
66
2048
-------------------
1425
Add
2
147
3241
3
99
66
2048
3
99
66
2048
-------------------
1433
Add
2
151
3241
3
99
66
2048
3
99
66
2048
-------------------
1435
Multiply
2
1433
6
3
99
66
2048
3
99
66
2048
-------------------
1443
BatchMatMul
2
1435
1425
3
3168
66
64
3
3168
64
66
-------------------
1448
Add
2
1443
3150
4
99
32
66
66
4
99
32
66
66
-------------------
1450
Add
2
1448
1
4
99
32
66
66
4
99
32
66
66
-------------------
3351
SoftmaxBasic
1
1450
3
3168
66
66
-------------------
3352
SoftmaxBasic
2
1450
3351
3
3168
66
66
2
3168
66
-------------------
3353
SoftmaxBasic
1
3352
3
3168
66
66
-------------------
3354
SoftmaxBasic
2
3352
3353
3
3168
66
66
2
3168
66
-------------------
1464
BatchMatMul
2
3354
1456
3
3168
66
66
3
3168
66
64
-------------------
1469
Dot
2
1464
152
3
99
66
2048
2
2048
2048
-------------------
1471
Add
2
153
1469
3
99
66
2048
3
99
66
2048
-------------------
1472
Add
2
1396
1471
3
99
66
2048
3
99
66
2048
-------------------
1474
Sum
1
1472
2
6534
2048
-------------------
1477
Divide
2
1474
1475
1
6534
1
6534
-------------------
1481
Subtract
2
1472
1477
2
6534
2048
2
6534
2048
-------------------
1482
Multiply
2
1481
1481
2
6534
2048
2
6534
2048
-------------------
1483
Sum
1
1482
2
6534
2048
-------------------
1486
Divide
2
1483
1484
1
6534
1
6534
-------------------
1490
Add
2
1486
3151
2
6534
1
2
6534
1
-------------------
1491
Sqrt
1
1490
2
6534
1
-------------------
1494
Divide
2
1481
1491
2
6534
2048
2
6534
2048
-------------------
1496
Multiply
2
1494
18
2
6534
2048
2
6534
2048
-------------------
1498
Add
2
1496
159
2
6534
2048
2
6534
2048
-------------------
1499
Dot
2
1498
155
2
6534
2048
2
8192
2048
-------------------
1501
Add
2
1499
156
2
6534
8192
2
6534
8192
-------------------
1502
Relu
1
1501
2
6534
8192
-------------------
1503
Dot
2
1502
157
2
6534
8192
2
2048
8192
-------------------
1505
Add
2
1503
158
2
6534
2048
2
6534
2048
-------------------
1506
Add
2
1472
1505
2
6534
2048
2
6534
2048
-------------------
1508
Sum
1
1506
3
99
66
2048
-------------------
1511
Divide
2
1508
1509
2
99
66
2
99
66
-------------------
1515
Subtract
2
1506
1511
3
99
66
2048
3
99
66
2048
-------------------
1516
Multiply
2
1515
1515
3
99
66
2048
3
99
66
2048
-------------------
1517
Sum
1
1516
3
99
66
2048
-------------------
1520
Divide
2
1517
1518
2
99
66
2
99
66
-------------------
1524
Add
2
1520
3152
3
99
66
1
3
99
66
1
-------------------
1525
Sqrt
1
1524
3
99
66
1
-------------------
1528
Divide
2
1515
1525
3
99
66
2048
3
99
66
2048
-------------------
1530
Multiply
2
1528
18
3
99
66
2048
3
99
66
2048
-------------------
1532
Add
2
1530
168
3
99
66
2048
3
99
66
2048
-------------------
3246
Dot
2
1532
3245
3
99
66
2048
2
2048
6144
-------------------
1566
Add
2
163
3246
3
99
66
2048
3
99
66
2048
-------------------
1535
Add
2
161
3246
3
99
66
2048
3
99
66
2048
-------------------
1543
Add
2
165
3246
3
99
66
2048
3
99
66
2048
-------------------
1545
Multiply
2
1543
6
3
99
66
2048
3
99
66
2048
-------------------
1553
BatchMatMul
2
1545
1535
3
3168
66
64
3
3168
64
66
-------------------
1558
Add
2
1553
3153
4
99
32
66
66
4
99
32
66
66
-------------------
1560
Add
2
1558
1
4
99
32
66
66
4
99
32
66
66
-------------------
3355
SoftmaxBasic
1
1560
3
3168
66
66
-------------------
3356
SoftmaxBasic
2
1560
3355
3
3168
66
66
2
3168
66
-------------------
3357
SoftmaxBasic
1
3356
3
3168
66
66
-------------------
3358
SoftmaxBasic
2
3356
3357
3
3168
66
66
2
3168
66
-------------------
1574
BatchMatMul
2
3358
1566
3
3168
66
66
3
3168
66
64
-------------------
1579
Dot
2
1574
166
3
99
66
2048
2
2048
2048
-------------------
1581
Add
2
167
1579
3
99
66
2048
3
99
66
2048
-------------------
1582
Add
2
1506
1581
3
99
66
2048
3
99
66
2048
-------------------
1584
Sum
1
1582
2
6534
2048
-------------------
1587
Divide
2
1584
1585
1
6534
1
6534
-------------------
1591
Subtract
2
1582
1587
2
6534
2048
2
6534
2048
-------------------
1592
Multiply
2
1591
1591
2
6534
2048
2
6534
2048
-------------------
1593
Sum
1
1592
2
6534
2048
-------------------
1596
Divide
2
1593
1594
1
6534
1
6534
-------------------
1600
Add
2
1596
3154
2
6534
1
2
6534
1
-------------------
1601
Sqrt
1
1600
2
6534
1
-------------------
1604
Divide
2
1591
1601
2
6534
2048
2
6534
2048
-------------------
1606
Multiply
2
1604
18
2
6534
2048
2
6534
2048
-------------------
1608
Add
2
1606
173
2
6534
2048
2
6534
2048
-------------------
1609
Dot
2
1608
169
2
6534
2048
2
8192
2048
-------------------
1611
Add
2
1609
170
2
6534
8192
2
6534
8192
-------------------
1612
Relu
1
1611
2
6534
8192
-------------------
1613
Dot
2
1612
171
2
6534
8192
2
2048
8192
-------------------
1615
Add
2
1613
172
2
6534
2048
2
6534
2048
-------------------
1616
Add
2
1582
1615
2
6534
2048
2
6534
2048
-------------------
1618
Sum
1
1616
3
99
66
2048
-------------------
1621
Divide
2
1618
1619
2
99
66
2
99
66
-------------------
1625
Subtract
2
1616
1621
3
99
66
2048
3
99
66
2048
-------------------
1626
Multiply
2
1625
1625
3
99
66
2048
3
99
66
2048
-------------------
1627
Sum
1
1626
3
99
66
2048
-------------------
1630
Divide
2
1627
1628
2
99
66
2
99
66
-------------------
1634
Add
2
1630
3155
3
99
66
1
3
99
66
1
-------------------
1635
Sqrt
1
1634
3
99
66
1
-------------------
1638
Divide
2
1625
1635
3
99
66
2048
3
99
66
2048
-------------------
1640
Multiply
2
1638
18
3
99
66
2048
3
99
66
2048
-------------------
1642
Add
2
1640
182
3
99
66
2048
3
99
66
2048
-------------------
3251
Dot
2
1642
3250
3
99
66
2048
2
2048
6144
-------------------
1676
Add
2
177
3251
3
99
66
2048
3
99
66
2048
-------------------
1645
Add
2
175
3251
3
99
66
2048
3
99
66
2048
-------------------
1653
Add
2
179
3251
3
99
66
2048
3
99
66
2048
-------------------
1655
Multiply
2
1653
6
3
99
66
2048
3
99
66
2048
-------------------
1663
BatchMatMul
2
1655
1645
3
3168
66
64
3
3168
64
66
-------------------
1668
Add
2
1663
3156
4
99
32
66
66
4
99
32
66
66
-------------------
1670
Add
2
1668
1
4
99
32
66
66
4
99
32
66
66
-------------------
3359
SoftmaxBasic
1
1670
3
3168
66
66
-------------------
3360
SoftmaxBasic
2
1670
3359
3
3168
66
66
2
3168
66
-------------------
3361
SoftmaxBasic
1
3360
3
3168
66
66
-------------------
3362
SoftmaxBasic
2
3360
3361
3
3168
66
66
2
3168
66
-------------------
1684
BatchMatMul
2
3362
1676
3
3168
66
66
3
3168
66
64
-------------------
1689
Dot
2
1684
180
3
99
66
2048
2
2048
2048
-------------------
1691
Add
2
181
1689
3
99
66
2048
3
99
66
2048
-------------------
1692
Add
2
1616
1691
3
99
66
2048
3
99
66
2048
-------------------
1694
Sum
1
1692
2
6534
2048
-------------------
1697
Divide
2
1694
1695
1
6534
1
6534
-------------------
1701
Subtract
2
1692
1697
2
6534
2048
2
6534
2048
-------------------
1702
Multiply
2
1701
1701
2
6534
2048
2
6534
2048
-------------------
1703
Sum
1
1702
2
6534
2048
-------------------
1706
Divide
2
1703
1704
1
6534
1
6534
-------------------
1710
Add
2
1706
3157
2
6534
1
2
6534
1
-------------------
1711
Sqrt
1
1710
2
6534
1
-------------------
1714
Divide
2
1701
1711
2
6534
2048
2
6534
2048
-------------------
1716
Multiply
2
1714
18
2
6534
2048
2
6534
2048
-------------------
1718
Add
2
1716
187
2
6534
2048
2
6534
2048
-------------------
1719
Dot
2
1718
183
2
6534
2048
2
8192
2048
-------------------
1721
Add
2
1719
184
2
6534
8192
2
6534
8192
-------------------
1722
Relu
1
1721
2
6534
8192
-------------------
1723
Dot
2
1722
185
2
6534
8192
2
2048
8192
-------------------
1725
Add
2
1723
186
2
6534
2048
2
6534
2048
-------------------
1726
Add
2
1692
1725
2
6534
2048
2
6534
2048
-------------------
1728
Sum
1
1726
3
99
66
2048
-------------------
1731
Divide
2
1728
1729
2
99
66
2
99
66
-------------------
1735
Subtract
2
1726
1731
3
99
66
2048
3
99
66
2048
-------------------
1736
Multiply
2
1735
1735
3
99
66
2048
3
99
66
2048
-------------------
1737
Sum
1
1736
3
99
66
2048
-------------------
1740
Divide
2
1737
1738
2
99
66
2
99
66
-------------------
1744
Add
2
1740
3158
3
99
66
1
3
99
66
1
-------------------
1745
Sqrt
1
1744
3
99
66
1
-------------------
1748
Divide
2
1735
1745
3
99
66
2048
3
99
66
2048
-------------------
1750
Multiply
2
1748
18
3
99
66
2048
3
99
66
2048
-------------------
1752
Add
2
1750
196
3
99
66
2048
3
99
66
2048
-------------------
3256
Dot
2
1752
3255
3
99
66
2048
2
2048
6144
-------------------
1786
Add
2
191
3256
3
99
66
2048
3
99
66
2048
-------------------
1755
Add
2
189
3256
3
99
66
2048
3
99
66
2048
-------------------
1763
Add
2
193
3256
3
99
66
2048
3
99
66
2048
-------------------
1765
Multiply
2
1763
6
3
99
66
2048
3
99
66
2048
-------------------
1773
BatchMatMul
2
1765
1755
3
3168
66
64
3
3168
64
66
-------------------
1778
Add
2
1773
3159
4
99
32
66
66
4
99
32
66
66
-------------------
1780
Add
2
1778
1
4
99
32
66
66
4
99
32
66
66
-------------------
3363
SoftmaxBasic
1
1780
3
3168
66
66
-------------------
3364
SoftmaxBasic
2
1780
3363
3
3168
66
66
2
3168
66
-------------------
3365
SoftmaxBasic
1
3364
3
3168
66
66
-------------------
3366
SoftmaxBasic
2
3364
3365
3
3168
66
66
2
3168
66
-------------------
1794
BatchMatMul
2
3366
1786
3
3168
66
66
3
3168
66
64
-------------------
1799
Dot
2
1794
194
3
99
66
2048
2
2048
2048
-------------------
1801
Add
2
195
1799
3
99
66
2048
3
99
66
2048
-------------------
1802
Add
2
1726
1801
3
99
66
2048
3
99
66
2048
-------------------
1804
Sum
1
1802
2
6534
2048
-------------------
1807
Divide
2
1804
1805
1
6534
1
6534
-------------------
1811
Subtract
2
1802
1807
2
6534
2048
2
6534
2048
-------------------
1812
Multiply
2
1811
1811
2
6534
2048
2
6534
2048
-------------------
1813
Sum
1
1812
2
6534
2048
-------------------
1816
Divide
2
1813
1814
1
6534
1
6534
-------------------
1820
Add
2
1816
3160
2
6534
1
2
6534
1
-------------------
1821
Sqrt
1
1820
2
6534
1
-------------------
1824
Divide
2
1811
1821
2
6534
2048
2
6534
2048
-------------------
1826
Multiply
2
1824
18
2
6534
2048
2
6534
2048
-------------------
1828
Add
2
1826
201
2
6534
2048
2
6534
2048
-------------------
1829
Dot
2
1828
197
2
6534
2048
2
8192
2048
-------------------
1831
Add
2
1829
198
2
6534
8192
2
6534
8192
-------------------
1832
Relu
1
1831
2
6534
8192
-------------------
1833
Dot
2
1832
199
2
6534
8192
2
2048
8192
-------------------
1835
Add
2
1833
200
2
6534
2048
2
6534
2048
-------------------
1836
Add
2
1802
1835
2
6534
2048
2
6534
2048
-------------------
1838
Sum
1
1836
3
99
66
2048
-------------------
1841
Divide
2
1838
1839
2
99
66
2
99
66
-------------------
1845
Subtract
2
1836
1841
3
99
66
2048
3
99
66
2048
-------------------
1846
Multiply
2
1845
1845
3
99
66
2048
3
99
66
2048
-------------------
1847
Sum
1
1846
3
99
66
2048
-------------------
1850
Divide
2
1847
1848
2
99
66
2
99
66
-------------------
1854
Add
2
1850
3161
3
99
66
1
3
99
66
1
-------------------
1855
Sqrt
1
1854
3
99
66
1
-------------------
1858
Divide
2
1845
1855
3
99
66
2048
3
99
66
2048
-------------------
1860
Multiply
2
1858
18
3
99
66
2048
3
99
66
2048
-------------------
1862
Add
2
1860
210
3
99
66
2048
3
99
66
2048
-------------------
3261
Dot
2
1862
3260
3
99
66
2048
2
2048
6144
-------------------
1896
Add
2
205
3261
3
99
66
2048
3
99
66
2048
-------------------
1865
Add
2
203
3261
3
99
66
2048
3
99
66
2048
-------------------
1873
Add
2
207
3261
3
99
66
2048
3
99
66
2048
-------------------
1875
Multiply
2
1873
6
3
99
66
2048
3
99
66
2048
-------------------
1883
BatchMatMul
2
1875
1865
3
3168
66
64
3
3168
64
66
-------------------
1888
Add
2
1883
3162
4
99
32
66
66
4
99
32
66
66
-------------------
1890
Add
2
1888
1
4
99
32
66
66
4
99
32
66
66
-------------------
3367
SoftmaxBasic
1
1890
3
3168
66
66
-------------------
3368
SoftmaxBasic
2
1890
3367
3
3168
66
66
2
3168
66
-------------------
3369
SoftmaxBasic
1
3368
3
3168
66
66
-------------------
3370
SoftmaxBasic
2
3368
3369
3
3168
66
66
2
3168
66
-------------------
1904
BatchMatMul
2
3370
1896
3
3168
66
66
3
3168
66
64
-------------------
1909
Dot
2
1904
208
3
99
66
2048
2
2048
2048
-------------------
1911
Add
2
209
1909
3
99
66
2048
3
99
66
2048
-------------------
1912
Add
2
1836
1911
3
99
66
2048
3
99
66
2048
-------------------
1914
Sum
1
1912
2
6534
2048
-------------------
1917
Divide
2
1914
1915
1
6534
1
6534
-------------------
1921
Subtract
2
1912
1917
2
6534
2048
2
6534
2048
-------------------
1922
Multiply
2
1921
1921
2
6534
2048
2
6534
2048
-------------------
1923
Sum
1
1922
2
6534
2048
-------------------
1926
Divide
2
1923
1924
1
6534
1
6534
-------------------
1930
Add
2
1926
3163
2
6534
1
2
6534
1
-------------------
1931
Sqrt
1
1930
2
6534
1
-------------------
1934
Divide
2
1921
1931
2
6534
2048
2
6534
2048
-------------------
1936
Multiply
2
1934
18
2
6534
2048
2
6534
2048
-------------------
1938
Add
2
1936
215
2
6534
2048
2
6534
2048
-------------------
1939
Dot
2
1938
211
2
6534
2048
2
8192
2048
-------------------
1941
Add
2
1939
212
2
6534
8192
2
6534
8192
-------------------
1942
Relu
1
1941
2
6534
8192
-------------------
1943
Dot
2
1942
213
2
6534
8192
2
2048
8192
-------------------
1945
Add
2
1943
214
2
6534
2048
2
6534
2048
-------------------
1946
Add
2
1912
1945
2
6534
2048
2
6534
2048
-------------------
1948
Sum
1
1946
3
99
66
2048
-------------------
1951
Divide
2
1948
1949
2
99
66
2
99
66
-------------------
1955
Subtract
2
1946
1951
3
99
66
2048
3
99
66
2048
-------------------
1956
Multiply
2
1955
1955
3
99
66
2048
3
99
66
2048
-------------------
1957
Sum
1
1956
3
99
66
2048
-------------------
1960
Divide
2
1957
1958
2
99
66
2
99
66
-------------------
1964
Add
2
1960
3164
3
99
66
1
3
99
66
1
-------------------
1965
Sqrt
1
1964
3
99
66
1
-------------------
1968
Divide
2
1955
1965
3
99
66
2048
3
99
66
2048
-------------------
1970
Multiply
2
1968
18
3
99
66
2048
3
99
66
2048
-------------------
1972
Add
2
1970
224
3
99
66
2048
3
99
66
2048
-------------------
3266
Dot
2
1972
3265
3
99
66
2048
2
2048
6144
-------------------
2006
Add
2
219
3266
3
99
66
2048
3
99
66
2048
-------------------
1975
Add
2
217
3266
3
99
66
2048
3
99
66
2048
-------------------
1983
Add
2
221
3266
3
99
66
2048
3
99
66
2048
-------------------
1985
Multiply
2
1983
6
3
99
66
2048
3
99
66
2048
-------------------
1993
BatchMatMul
2
1985
1975
3
3168
66
64
3
3168
64
66
-------------------
1998
Add
2
1993
3165
4
99
32
66
66
4
99
32
66
66
-------------------
2000
Add
2
1998
1
4
99
32
66
66
4
99
32
66
66
-------------------
3371
SoftmaxBasic
1
2000
3
3168
66
66
-------------------
3372
SoftmaxBasic
2
2000
3371
3
3168
66
66
2
3168
66
-------------------
3373
SoftmaxBasic
1
3372
3
3168
66
66
-------------------
3374
SoftmaxBasic
2
3372
3373
3
3168
66
66
2
3168
66
-------------------
2014
BatchMatMul
2
3374
2006
3
3168
66
66
3
3168
66
64
-------------------
2019
Dot
2
2014
222
3
99
66
2048
2
2048
2048
-------------------
2021
Add
2
223
2019
3
99
66
2048
3
99
66
2048
-------------------
2022
Add
2
1946
2021
3
99
66
2048
3
99
66
2048
-------------------
2024
Sum
1
2022
2
6534
2048
-------------------
2027
Divide
2
2024
2025
1
6534
1
6534
-------------------
2031
Subtract
2
2022
2027
2
6534
2048
2
6534
2048
-------------------
2032
Multiply
2
2031
2031
2
6534
2048
2
6534
2048
-------------------
2033
Sum
1
2032
2
6534
2048
-------------------
2036
Divide
2
2033
2034
1
6534
1
6534
-------------------
2040
Add
2
2036
3166
2
6534
1
2
6534
1
-------------------
2041
Sqrt
1
2040
2
6534
1
-------------------
2044
Divide
2
2031
2041
2
6534
2048
2
6534
2048
-------------------
2046
Multiply
2
2044
18
2
6534
2048
2
6534
2048
-------------------
2048
Add
2
2046
229
2
6534
2048
2
6534
2048
-------------------
2049
Dot
2
2048
225
2
6534
2048
2
8192
2048
-------------------
2051
Add
2
2049
226
2
6534
8192
2
6534
8192
-------------------
2052
Relu
1
2051
2
6534
8192
-------------------
2053
Dot
2
2052
227
2
6534
8192
2
2048
8192
-------------------
2055
Add
2
2053
228
2
6534
2048
2
6534
2048
-------------------
2056
Add
2
2022
2055
2
6534
2048
2
6534
2048
-------------------
2058
Sum
1
2056
3
99
66
2048
-------------------
2061
Divide
2
2058
2059
2
99
66
2
99
66
-------------------
2065
Subtract
2
2056
2061
3
99
66
2048
3
99
66
2048
-------------------
2066
Multiply
2
2065
2065
3
99
66
2048
3
99
66
2048
-------------------
2067
Sum
1
2066
3
99
66
2048
-------------------
2070
Divide
2
2067
2068
2
99
66
2
99
66
-------------------
2074
Add
2
2070
3167
3
99
66
1
3
99
66
1
-------------------
2075
Sqrt
1
2074
3
99
66
1
-------------------
2078
Divide
2
2065
2075
3
99
66
2048
3
99
66
2048
-------------------
2080
Multiply
2
2078
18
3
99
66
2048
3
99
66
2048
-------------------
2082
Add
2
2080
238
3
99
66
2048
3
99
66
2048
-------------------
3271
Dot
2
2082
3270
3
99
66
2048
2
2048
6144
-------------------
2116
Add
2
233
3271
3
99
66
2048
3
99
66
2048
-------------------
2085
Add
2
231
3271
3
99
66
2048
3
99
66
2048
-------------------
2093
Add
2
235
3271
3
99
66
2048
3
99
66
2048
-------------------
2095
Multiply
2
2093
6
3
99
66
2048
3
99
66
2048
-------------------
2103
BatchMatMul
2
2095
2085
3
3168
66
64
3
3168
64
66
-------------------
2108
Add
2
2103
3168
4
99
32
66
66
4
99
32
66
66
-------------------
2110
Add
2
2108
1
4
99
32
66
66
4
99
32
66
66
-------------------
3375
SoftmaxBasic
1
2110
3
3168
66
66
-------------------
3376
SoftmaxBasic
2
2110
3375
3
3168
66
66
2
3168
66
-------------------
3377
SoftmaxBasic
1
3376
3
3168
66
66
-------------------
3378
SoftmaxBasic
2
3376
3377
3
3168
66
66
2
3168
66
-------------------
2124
BatchMatMul
2
3378
2116
3
3168
66
66
3
3168
66
64
-------------------
2129
Dot
2
2124
236
3
99
66
2048
2
2048
2048
-------------------
2131
Add
2
237
2129
3
99
66
2048
3
99
66
2048
-------------------
2132
Add
2
2056
2131
3
99
66
2048
3
99
66
2048
-------------------
2134
Sum
1
2132
2
6534
2048
-------------------
2137
Divide
2
2134
2135
1
6534
1
6534
-------------------
2141
Subtract
2
2132
2137
2
6534
2048
2
6534
2048
-------------------
2142
Multiply
2
2141
2141
2
6534
2048
2
6534
2048
-------------------
2143
Sum
1
2142
2
6534
2048
-------------------
2146
Divide
2
2143
2144
1
6534
1
6534
-------------------
2150
Add
2
2146
3169
2
6534
1
2
6534
1
-------------------
2151
Sqrt
1
2150
2
6534
1
-------------------
2154
Divide
2
2141
2151
2
6534
2048
2
6534
2048
-------------------
2156
Multiply
2
2154
18
2
6534
2048
2
6534
2048
-------------------
2158
Add
2
2156
243
2
6534
2048
2
6534
2048
-------------------
2159
Dot
2
2158
239
2
6534
2048
2
8192
2048
-------------------
2161
Add
2
2159
240
2
6534
8192
2
6534
8192
-------------------
2162
Relu
1
2161
2
6534
8192
-------------------
2163
Dot
2
2162
241
2
6534
8192
2
2048
8192
-------------------
2165
Add
2
2163
242
2
6534
2048
2
6534
2048
-------------------
2166
Add
2
2132
2165
2
6534
2048
2
6534
2048
-------------------
2168
Sum
1
2166
3
99
66
2048
-------------------
2171
Divide
2
2168
2169
2
99
66
2
99
66
-------------------
2175
Subtract
2
2166
2171
3
99
66
2048
3
99
66
2048
-------------------
2176
Multiply
2
2175
2175
3
99
66
2048
3
99
66
2048
-------------------
2177
Sum
1
2176
3
99
66
2048
-------------------
2180
Divide
2
2177
2178
2
99
66
2
99
66
-------------------
2184
Add
2
2180
3170
3
99
66
1
3
99
66
1
-------------------
2185
Sqrt
1
2184
3
99
66
1
-------------------
2188
Divide
2
2175
2185
3
99
66
2048
3
99
66
2048
-------------------
2190
Multiply
2
2188
18
3
99
66
2048
3
99
66
2048
-------------------
2192
Add
2
2190
252
3
99
66
2048
3
99
66
2048
-------------------
3276
Dot
2
2192
3275
3
99
66
2048
2
2048
6144
-------------------
2226
Add
2
247
3276
3
99
66
2048
3
99
66
2048
-------------------
2195
Add
2
245
3276
3
99
66
2048
3
99
66
2048
-------------------
2203
Add
2
249
3276
3
99
66
2048
3
99
66
2048
-------------------
2205
Multiply
2
2203
6
3
99
66
2048
3
99
66
2048
-------------------
2213
BatchMatMul
2
2205
2195
3
3168
66
64
3
3168
64
66
-------------------
2218
Add
2
2213
3171
4
99
32
66
66
4
99
32
66
66
-------------------
2220
Add
2
2218
1
4
99
32
66
66
4
99
32
66
66
-------------------
3379
SoftmaxBasic
1
2220
3
3168
66
66
-------------------
3380
SoftmaxBasic
2
2220
3379
3
3168
66
66
2
3168
66
-------------------
3381
SoftmaxBasic
1
3380
3
3168
66
66
-------------------
3382
SoftmaxBasic
2
3380
3381
3
3168
66
66
2
3168
66
-------------------
2234
BatchMatMul
2
3382
2226
3
3168
66
66
3
3168
66
64
-------------------
2239
Dot
2
2234
250
3
99
66
2048
2
2048
2048
-------------------
2241
Add
2
251
2239
3
99
66
2048
3
99
66
2048
-------------------
2242
Add
2
2166
2241
3
99
66
2048
3
99
66
2048
-------------------
2244
Sum
1
2242
2
6534
2048
-------------------
2247
Divide
2
2244
2245
1
6534
1
6534
-------------------
2251
Subtract
2
2242
2247
2
6534
2048
2
6534
2048
-------------------
2252
Multiply
2
2251
2251
2
6534
2048
2
6534
2048
-------------------
2253
Sum
1
2252
2
6534
2048
-------------------
2256
Divide
2
2253
2254
1
6534
1
6534
-------------------
2260
Add
2
2256
3172
2
6534
1
2
6534
1
-------------------
2261
Sqrt
1
2260
2
6534
1
-------------------
2264
Divide
2
2251
2261
2
6534
2048
2
6534
2048
-------------------
2266
Multiply
2
2264
18
2
6534
2048
2
6534
2048
-------------------
2268
Add
2
2266
257
2
6534
2048
2
6534
2048
-------------------
2269
Dot
2
2268
253
2
6534
2048
2
8192
2048
-------------------
2271
Add
2
2269
254
2
6534
8192
2
6534
8192
-------------------
2272
Relu
1
2271
2
6534
8192
-------------------
2273
Dot
2
2272
255
2
6534
8192
2
2048
8192
-------------------
2275
Add
2
2273
256
2
6534
2048
2
6534
2048
-------------------
2276
Add
2
2242
2275
2
6534
2048
2
6534
2048
-------------------
2278
Sum
1
2276
3
99
66
2048
-------------------
2281
Divide
2
2278
2279
2
99
66
2
99
66
-------------------
2285
Subtract
2
2276
2281
3
99
66
2048
3
99
66
2048
-------------------
2286
Multiply
2
2285
2285
3
99
66
2048
3
99
66
2048
-------------------
2287
Sum
1
2286
3
99
66
2048
-------------------
2290
Divide
2
2287
2288
2
99
66
2
99
66
-------------------
2294
Add
2
2290
3173
3
99
66
1
3
99
66
1
-------------------
2295
Sqrt
1
2294
3
99
66
1
-------------------
2298
Divide
2
2285
2295
3
99
66
2048
3
99
66
2048
-------------------
2300
Multiply
2
2298
18
3
99
66
2048
3
99
66
2048
-------------------
2302
Add
2
2300
266
3
99
66
2048
3
99
66
2048
-------------------
3281
Dot
2
2302
3280
3
99
66
2048
2
2048
6144
-------------------
2336
Add
2
261
3281
3
99
66
2048
3
99
66
2048
-------------------
2305
Add
2
259
3281
3
99
66
2048
3
99
66
2048
-------------------
2313
Add
2
263
3281
3
99
66
2048
3
99
66
2048
-------------------
2315
Multiply
2
2313
6
3
99
66
2048
3
99
66
2048
-------------------
2323
BatchMatMul
2
2315
2305
3
3168
66
64
3
3168
64
66
-------------------
2328
Add
2
2323
3174
4
99
32
66
66
4
99
32
66
66
-------------------
2330
Add
2
2328
1
4
99
32
66
66
4
99
32
66
66
-------------------
3383
SoftmaxBasic
1
2330
3
3168
66
66
-------------------
3384
SoftmaxBasic
2
2330
3383
3
3168
66
66
2
3168
66
-------------------
3385
SoftmaxBasic
1
3384
3
3168
66
66
-------------------
3386
SoftmaxBasic
2
3384
3385
3
3168
66
66
2
3168
66
-------------------
2344
BatchMatMul
2
3386
2336
3
3168
66
66
3
3168
66
64
-------------------
2349
Dot
2
2344
264
3
99
66
2048
2
2048
2048
-------------------
2351
Add
2
265
2349
3
99
66
2048
3
99
66
2048
-------------------
2352
Add
2
2276
2351
3
99
66
2048
3
99
66
2048
-------------------
2354
Sum
1
2352
2
6534
2048
-------------------
2357
Divide
2
2354
2355
1
6534
1
6534
-------------------
2361
Subtract
2
2352
2357
2
6534
2048
2
6534
2048
-------------------
2362
Multiply
2
2361
2361
2
6534
2048
2
6534
2048
-------------------
2363
Sum
1
2362
2
6534
2048
-------------------
2366
Divide
2
2363
2364
1
6534
1
6534
-------------------
2370
Add
2
2366
3175
2
6534
1
2
6534
1
-------------------
2371
Sqrt
1
2370
2
6534
1
-------------------
2374
Divide
2
2361
2371
2
6534
2048
2
6534
2048
-------------------
2376
Multiply
2
2374
18
2
6534
2048
2
6534
2048
-------------------
2378
Add
2
2376
271
2
6534
2048
2
6534
2048
-------------------
2379
Dot
2
2378
267
2
6534
2048
2
8192
2048
-------------------
2381
Add
2
2379
268
2
6534
8192
2
6534
8192
-------------------
2382
Relu
1
2381
2
6534
8192
-------------------
2383
Dot
2
2382
269
2
6534
8192
2
2048
8192
-------------------
2385
Add
2
2383
270
2
6534
2048
2
6534
2048
-------------------
2386
Add
2
2352
2385
2
6534
2048
2
6534
2048
-------------------
2388
Sum
1
2386
3
99
66
2048
-------------------
2391
Divide
2
2388
2389
2
99
66
2
99
66
-------------------
2395
Subtract
2
2386
2391
3
99
66
2048
3
99
66
2048
-------------------
2396
Multiply
2
2395
2395
3
99
66
2048
3
99
66
2048
-------------------
2397
Sum
1
2396
3
99
66
2048
-------------------
2400
Divide
2
2397
2398
2
99
66
2
99
66
-------------------
2404
Add
2
2400
3176
3
99
66
1
3
99
66
1
-------------------
2405
Sqrt
1
2404
3
99
66
1
-------------------
2408
Divide
2
2395
2405
3
99
66
2048
3
99
66
2048
-------------------
2410
Multiply
2
2408
18
3
99
66
2048
3
99
66
2048
-------------------
2412
Add
2
2410
280
3
99
66
2048
3
99
66
2048
-------------------
3286
Dot
2
2412
3285
3
99
66
2048
2
2048
6144
-------------------
2446
Add
2
275
3286
3
99
66
2048
3
99
66
2048
-------------------
2415
Add
2
273
3286
3
99
66
2048
3
99
66
2048
-------------------
2423
Add
2
277
3286
3
99
66
2048
3
99
66
2048
-------------------
2425
Multiply
2
2423
6
3
99
66
2048
3
99
66
2048
-------------------
2433
BatchMatMul
2
2425
2415
3
3168
66
64
3
3168
64
66
-------------------
2438
Add
2
2433
3177
4
99
32
66
66
4
99
32
66
66
-------------------
2440
Add
2
2438
1
4
99
32
66
66
4
99
32
66
66
-------------------
3387
SoftmaxBasic
1
2440
3
3168
66
66
-------------------
3388
SoftmaxBasic
2
2440
3387
3
3168
66
66
2
3168
66
-------------------
3389
SoftmaxBasic
1
3388
3
3168
66
66
-------------------
3390
SoftmaxBasic
2
3388
3389
3
3168
66
66
2
3168
66
-------------------
2454
BatchMatMul
2
3390
2446
3
3168
66
66
3
3168
66
64
-------------------
2459
Dot
2
2454
278
3
99
66
2048
2
2048
2048
-------------------
2461
Add
2
279
2459
3
99
66
2048
3
99
66
2048
-------------------
2462
Add
2
2386
2461
3
99
66
2048
3
99
66
2048
-------------------
2464
Sum
1
2462
2
6534
2048
-------------------
2467
Divide
2
2464
2465
1
6534
1
6534
-------------------
2471
Subtract
2
2462
2467
2
6534
2048
2
6534
2048
-------------------
2472
Multiply
2
2471
2471
2
6534
2048
2
6534
2048
-------------------
2473
Sum
1
2472
2
6534
2048
-------------------
2476
Divide
2
2473
2474
1
6534
1
6534
-------------------
2480
Add
2
2476
3178
2
6534
1
2
6534
1
-------------------
2481
Sqrt
1
2480
2
6534
1
-------------------
2484
Divide
2
2471
2481
2
6534
2048
2
6534
2048
-------------------
2486
Multiply
2
2484
18
2
6534
2048
2
6534
2048
-------------------
2488
Add
2
2486
285
2
6534
2048
2
6534
2048
-------------------
2489
Dot
2
2488
281
2
6534
2048
2
8192
2048
-------------------
2491
Add
2
2489
282
2
6534
8192
2
6534
8192
-------------------
2492
Relu
1
2491
2
6534
8192
-------------------
2493
Dot
2
2492
283
2
6534
8192
2
2048
8192
-------------------
2495
Add
2
2493
284
2
6534
2048
2
6534
2048
-------------------
2496
Add
2
2462
2495
2
6534
2048
2
6534
2048
-------------------
2498
Sum
1
2496
3
99
66
2048
-------------------
2501
Divide
2
2498
2499
2
99
66
2
99
66
-------------------
2505
Subtract
2
2496
2501
3
99
66
2048
3
99
66
2048
-------------------
2506
Multiply
2
2505
2505
3
99
66
2048
3
99
66
2048
-------------------
2507
Sum
1
2506
3
99
66
2048
-------------------
2510
Divide
2
2507
2508
2
99
66
2
99
66
-------------------
2514
Add
2
2510
3179
3
99
66
1
3
99
66
1
-------------------
2515
Sqrt
1
2514
3
99
66
1
-------------------
2518
Divide
2
2505
2515
3
99
66
2048
3
99
66
2048
-------------------
2520
Multiply
2
2518
18
3
99
66
2048
3
99
66
2048
-------------------
2522
Add
2
2520
294
3
99
66
2048
3
99
66
2048
-------------------
3291
Dot
2
2522
3290
3
99
66
2048
2
2048
6144
-------------------
2556
Add
2
289
3291
3
99
66
2048
3
99
66
2048
-------------------
2525
Add
2
287
3291
3
99
66
2048
3
99
66
2048
-------------------
2533
Add
2
291
3291
3
99
66
2048
3
99
66
2048
-------------------
2535
Multiply
2
2533
6
3
99
66
2048
3
99
66
2048
-------------------
2543
BatchMatMul
2
2535
2525
3
3168
66
64
3
3168
64
66
-------------------
2548
Add
2
2543
3180
4
99
32
66
66
4
99
32
66
66
-------------------
2550
Add
2
2548
1
4
99
32
66
66
4
99
32
66
66
-------------------
3391
SoftmaxBasic
1
2550
3
3168
66
66
-------------------
3392
SoftmaxBasic
2
2550
3391
3
3168
66
66
2
3168
66
-------------------
3393
SoftmaxBasic
1
3392
3
3168
66
66
-------------------
3394
SoftmaxBasic
2
3392
3393
3
3168
66
66
2
3168
66
-------------------
2564
BatchMatMul
2
3394
2556
3
3168
66
66
3
3168
66
64
-------------------
2569
Dot
2
2564
292
3
99
66
2048
2
2048
2048
-------------------
2571
Add
2
293
2569
3
99
66
2048
3
99
66
2048
-------------------
2572
Add
2
2496
2571
3
99
66
2048
3
99
66
2048
-------------------
2574
Sum
1
2572
2
6534
2048
-------------------
2577
Divide
2
2574
2575
1
6534
1
6534
-------------------
2581
Subtract
2
2572
2577
2
6534
2048
2
6534
2048
-------------------
2582
Multiply
2
2581
2581
2
6534
2048
2
6534
2048
-------------------
2583
Sum
1
2582
2
6534
2048
-------------------
2586
Divide
2
2583
2584
1
6534
1
6534
-------------------
2590
Add
2
2586
3181
2
6534
1
2
6534
1
-------------------
2591
Sqrt
1
2590
2
6534
1
-------------------
2594
Divide
2
2581
2591
2
6534
2048
2
6534
2048
-------------------
2596
Multiply
2
2594
18
2
6534
2048
2
6534
2048
-------------------
2598
Add
2
2596
299
2
6534
2048
2
6534
2048
-------------------
2599
Dot
2
2598
295
2
6534
2048
2
8192
2048
-------------------
2601
Add
2
2599
296
2
6534
8192
2
6534
8192
-------------------
2602
Relu
1
2601
2
6534
8192
-------------------
2603
Dot
2
2602
297
2
6534
8192
2
2048
8192
-------------------
2605
Add
2
2603
298
2
6534
2048
2
6534
2048
-------------------
2606
Add
2
2572
2605
2
6534
2048
2
6534
2048
-------------------
2608
Sum
1
2606
3
99
66
2048
-------------------
2611
Divide
2
2608
2609
2
99
66
2
99
66
-------------------
2615
Subtract
2
2606
2611
3
99
66
2048
3
99
66
2048
-------------------
2616
Multiply
2
2615
2615
3
99
66
2048
3
99
66
2048
-------------------
2617
Sum
1
2616
3
99
66
2048
-------------------
2620
Divide
2
2617
2618
2
99
66
2
99
66
-------------------
2624
Add
2
2620
3182
3
99
66
1
3
99
66
1
-------------------
2625
Sqrt
1
2624
3
99
66
1
-------------------
2628
Divide
2
2615
2625
3
99
66
2048
3
99
66
2048
-------------------
2630
Multiply
2
2628
18
3
99
66
2048
3
99
66
2048
-------------------
2632
Add
2
2630
308
3
99
66
2048
3
99
66
2048
-------------------
3296
Dot
2
2632
3295
3
99
66
2048
2
2048
6144
-------------------
2666
Add
2
303
3296
3
99
66
2048
3
99
66
2048
-------------------
2635
Add
2
301
3296
3
99
66
2048
3
99
66
2048
-------------------
2643
Add
2
305
3296
3
99
66
2048
3
99
66
2048
-------------------
2645
Multiply
2
2643
6
3
99
66
2048
3
99
66
2048
-------------------
2653
BatchMatMul
2
2645
2635
3
3168
66
64
3
3168
64
66
-------------------
2658
Add
2
2653
3183
4
99
32
66
66
4
99
32
66
66
-------------------
2660
Add
2
2658
1
4
99
32
66
66
4
99
32
66
66
-------------------
3395
SoftmaxBasic
1
2660
3
3168
66
66
-------------------
3396
SoftmaxBasic
2
2660
3395
3
3168
66
66
2
3168
66
-------------------
3397
SoftmaxBasic
1
3396
3
3168
66
66
-------------------
3398
SoftmaxBasic
2
3396
3397
3
3168
66
66
2
3168
66
-------------------
2674
BatchMatMul
2
3398
2666
3
3168
66
66
3
3168
66
64
-------------------
2679
Dot
2
2674
306
3
99
66
2048
2
2048
2048
-------------------
2681
Add
2
307
2679
3
99
66
2048
3
99
66
2048
-------------------
2682
Add
2
2606
2681
3
99
66
2048
3
99
66
2048
-------------------
2684
Sum
1
2682
2
6534
2048
-------------------
2687
Divide
2
2684
2685
1
6534
1
6534
-------------------
2691
Subtract
2
2682
2687
2
6534
2048
2
6534
2048
-------------------
2692
Multiply
2
2691
2691
2
6534
2048
2
6534
2048
-------------------
2693
Sum
1
2692
2
6534
2048
-------------------
2696
Divide
2
2693
2694
1
6534
1
6534
-------------------
2700
Add
2
2696
3184
2
6534
1
2
6534
1
-------------------
2701
Sqrt
1
2700
2
6534
1
-------------------
2704
Divide
2
2691
2701
2
6534
2048
2
6534
2048
-------------------
2706
Multiply
2
2704
18
2
6534
2048
2
6534
2048
-------------------
2708
Add
2
2706
313
2
6534
2048
2
6534
2048
-------------------
2709
Dot
2
2708
309
2
6534
2048
2
8192
2048
-------------------
2711
Add
2
2709
310
2
6534
8192
2
6534
8192
-------------------
2712
Relu
1
2711
2
6534
8192
-------------------
2713
Dot
2
2712
311
2
6534
8192
2
2048
8192
-------------------
2715
Add
2
2713
312
2
6534
2048
2
6534
2048
-------------------
2716
Add
2
2682
2715
2
6534
2048
2
6534
2048
-------------------
2718
Sum
1
2716
3
99
66
2048
-------------------
2721
Divide
2
2718
2719
2
99
66
2
99
66
-------------------
2725
Subtract
2
2716
2721
3
99
66
2048
3
99
66
2048
-------------------
2726
Multiply
2
2725
2725
3
99
66
2048
3
99
66
2048
-------------------
2727
Sum
1
2726
3
99
66
2048
-------------------
2730
Divide
2
2727
2728
2
99
66
2
99
66
-------------------
2734
Add
2
2730
3185
3
99
66
1
3
99
66
1
-------------------
2735
Sqrt
1
2734
3
99
66
1
-------------------
2738
Divide
2
2725
2735
3
99
66
2048
3
99
66
2048
-------------------
2740
Multiply
2
2738
18
3
99
66
2048
3
99
66
2048
-------------------
2742
Add
2
2740
322
3
99
66
2048
3
99
66
2048
-------------------
3301
Dot
2
2742
3300
3
99
66
2048
2
2048
6144
-------------------
2776
Add
2
317
3301
3
99
66
2048
3
99
66
2048
-------------------
2745
Add
2
315
3301
3
99
66
2048
3
99
66
2048
-------------------
2753
Add
2
319
3301
3
99
66
2048
3
99
66
2048
-------------------
2755
Multiply
2
2753
6
3
99
66
2048
3
99
66
2048
-------------------
2763
BatchMatMul
2
2755
2745
3
3168
66
64
3
3168
64
66
-------------------
2768
Add
2
2763
3186
4
99
32
66
66
4
99
32
66
66
-------------------
2770
Add
2
2768
1
4
99
32
66
66
4
99
32
66
66
-------------------
3399
SoftmaxBasic
1
2770
3
3168
66
66
-------------------
3400
SoftmaxBasic
2
2770
3399
3
3168
66
66
2
3168
66
-------------------
3401
SoftmaxBasic
1
3400
3
3168
66
66
-------------------
3402
SoftmaxBasic
2
3400
3401
3
3168
66
66
2
3168
66
-------------------
2784
BatchMatMul
2
3402
2776
3
3168
66
66
3
3168
66
64
-------------------
2789
Dot
2
2784
320
3
99
66
2048
2
2048
2048
-------------------
2791
Add
2
321
2789
3
99
66
2048
3
99
66
2048
-------------------
2792
Add
2
2716
2791
3
99
66
2048
3
99
66
2048
-------------------
2794
Sum
1
2792
2
6534
2048
-------------------
2797
Divide
2
2794
2795
1
6534
1
6534
-------------------
2801
Subtract
2
2792
2797
2
6534
2048
2
6534
2048
-------------------
2802
Multiply
2
2801
2801
2
6534
2048
2
6534
2048
-------------------
2803
Sum
1
2802
2
6534
2048
-------------------
2806
Divide
2
2803
2804
1
6534
1
6534
-------------------
2810
Add
2
2806
3187
2
6534
1
2
6534
1
-------------------
2811
Sqrt
1
2810
2
6534
1
-------------------
2814
Divide
2
2801
2811
2
6534
2048
2
6534
2048
-------------------
2816
Multiply
2
2814
18
2
6534
2048
2
6534
2048
-------------------
2818
Add
2
2816
327
2
6534
2048
2
6534
2048
-------------------
2819
Dot
2
2818
323
2
6534
2048
2
8192
2048
-------------------
2821
Add
2
2819
324
2
6534
8192
2
6534
8192
-------------------
2822
Relu
1
2821
2
6534
8192
-------------------
2823
Dot
2
2822
325
2
6534
8192
2
2048
8192
-------------------
2825
Add
2
2823
326
2
6534
2048
2
6534
2048
-------------------
2826
Add
2
2792
2825
2
6534
2048
2
6534
2048
-------------------
2828
Sum
1
2826
3
99
66
2048
-------------------
2831
Divide
2
2828
2829
2
99
66
2
99
66
-------------------
2835
Subtract
2
2826
2831
3
99
66
2048
3
99
66
2048
-------------------
2836
Multiply
2
2835
2835
3
99
66
2048
3
99
66
2048
-------------------
2837
Sum
1
2836
3
99
66
2048
-------------------
2840
Divide
2
2837
2838
2
99
66
2
99
66
-------------------
2844
Add
2
2840
3188
3
99
66
1
3
99
66
1
-------------------
2845
Sqrt
1
2844
3
99
66
1
-------------------
2848
Divide
2
2835
2845
3
99
66
2048
3
99
66
2048
-------------------
2850
Multiply
2
2848
18
3
99
66
2048
3
99
66
2048
-------------------
2852
Add
2
2850
336
3
99
66
2048
3
99
66
2048
-------------------
3306
Dot
2
2852
3305
3
99
66
2048
2
2048
6144
-------------------
2886
Add
2
331
3306
3
99
66
2048
3
99
66
2048
-------------------
2855
Add
2
329
3306
3
99
66
2048
3
99
66
2048
-------------------
2863
Add
2
333
3306
3
99
66
2048
3
99
66
2048
-------------------
2865
Multiply
2
2863
6
3
99
66
2048
3
99
66
2048
-------------------
2873
BatchMatMul
2
2865
2855
3
3168
66
64
3
3168
64
66
-------------------
2878
Add
2
2873
3189
4
99
32
66
66
4
99
32
66
66
-------------------
2880
Add
2
2878
1
4
99
32
66
66
4
99
32
66
66
-------------------
3403
SoftmaxBasic
1
2880
3
3168
66
66
-------------------
3404
SoftmaxBasic
2
2880
3403
3
3168
66
66
2
3168
66
-------------------
3405
SoftmaxBasic
1
3404
3
3168
66
66
-------------------
3406
SoftmaxBasic
2
3404
3405
3
3168
66
66
2
3168
66
-------------------
2894
BatchMatMul
2
3406
2886
3
3168
66
66
3
3168
66
64
-------------------
2899
Dot
2
2894
334
3
99
66
2048
2
2048
2048
-------------------
2901
Add
2
335
2899
3
99
66
2048
3
99
66
2048
-------------------
2902
Add
2
2826
2901
3
99
66
2048
3
99
66
2048
-------------------
2904
Sum
1
2902
2
6534
2048
-------------------
2907
Divide
2
2904
2905
1
6534
1
6534
-------------------
2911
Subtract
2
2902
2907
2
6534
2048
2
6534
2048
-------------------
2912
Multiply
2
2911
2911
2
6534
2048
2
6534
2048
-------------------
2913
Sum
1
2912
2
6534
2048
-------------------
2916
Divide
2
2913
2914
1
6534
1
6534
-------------------
2920
Add
2
2916
3190
2
6534
1
2
6534
1
-------------------
2921
Sqrt
1
2920
2
6534
1
-------------------
2924
Divide
2
2911
2921
2
6534
2048
2
6534
2048
-------------------
2926
Multiply
2
2924
18
2
6534
2048
2
6534
2048
-------------------
2928
Add
2
2926
341
2
6534
2048
2
6534
2048
-------------------
2929
Dot
2
2928
337
2
6534
2048
2
8192
2048
-------------------
2931
Add
2
2929
338
2
6534
8192
2
6534
8192
-------------------
2932
Relu
1
2931
2
6534
8192
-------------------
2933
Dot
2
2932
339
2
6534
8192
2
2048
8192
-------------------
2935
Add
2
2933
340
2
6534
2048
2
6534
2048
-------------------
2936
Add
2
2902
2935
2
6534
2048
2
6534
2048
-------------------
2938
Sum
1
2936
3
99
66
2048
-------------------
2941
Divide
2
2938
2939
2
99
66
2
99
66
-------------------
2945
Subtract
2
2936
2941
3
99
66
2048
3
99
66
2048
-------------------
2946
Multiply
2
2945
2945
3
99
66
2048
3
99
66
2048
-------------------
2947
Sum
1
2946
3
99
66
2048
-------------------
2950
Divide
2
2947
2948
2
99
66
2
99
66
-------------------
2954
Add
2
2950
3191
3
99
66
1
3
99
66
1
-------------------
2955
Sqrt
1
2954
3
99
66
1
-------------------
2958
Divide
2
2945
2955
3
99
66
2048
3
99
66
2048
-------------------
2960
Multiply
2
2958
18
3
99
66
2048
3
99
66
2048
-------------------
2962
Add
2
2960
350
3
99
66
2048
3
99
66
2048
-------------------
3311
Dot
2
2962
3310
3
99
66
2048
2
2048
6144
-------------------
2996
Add
2
345
3311
3
99
66
2048
3
99
66
2048
-------------------
2965
Add
2
343
3311
3
99
66
2048
3
99
66
2048
-------------------
2973
Add
2
347
3311
3
99
66
2048
3
99
66
2048
-------------------
2975
Multiply
2
2973
6
3
99
66
2048
3
99
66
2048
-------------------
2983
BatchMatMul
2
2975
2965
3
3168
66
64
3
3168
64
66
-------------------
2988
Add
2
2983
3192
4
99
32
66
66
4
99
32
66
66
-------------------
2990
Add
2
2988
1
4
99
32
66
66
4
99
32
66
66
-------------------
3407
SoftmaxBasic
1
2990
3
3168
66
66
-------------------
3408
SoftmaxBasic
2
2990
3407
3
3168
66
66
2
3168
66
-------------------
3409
SoftmaxBasic
1
3408
3
3168
66
66
-------------------
3410
SoftmaxBasic
2
3408
3409
3
3168
66
66
2
3168
66
-------------------
3004
BatchMatMul
2
3410
2996
3
3168
66
66
3
3168
66
64
-------------------
3009
Dot
2
3004
348
3
99
66
2048
2
2048
2048
-------------------
3011
Add
2
349
3009
3
99
66
2048
3
99
66
2048
-------------------
3012
Add
2
2936
3011
3
99
66
2048
3
99
66
2048
-------------------
3014
Sum
1
3012
2
6534
2048
-------------------
3017
Divide
2
3014
3015
1
6534
1
6534
-------------------
3021
Subtract
2
3012
3017
2
6534
2048
2
6534
2048
-------------------
3022
Multiply
2
3021
3021
2
6534
2048
2
6534
2048
-------------------
3023
Sum
1
3022
2
6534
2048
-------------------
3026
Divide
2
3023
3024
1
6534
1
6534
-------------------
3030
Add
2
3026
3193
2
6534
1
2
6534
1
-------------------
3031
Sqrt
1
3030
2
6534
1
-------------------
3034
Divide
2
3021
3031
2
6534
2048
2
6534
2048
-------------------
3036
Multiply
2
3034
18
2
6534
2048
2
6534
2048
-------------------
3038
Add
2
3036
355
2
6534
2048
2
6534
2048
-------------------
3039
Dot
2
3038
351
2
6534
2048
2
8192
2048
-------------------
3041
Add
2
3039
352
2
6534
8192
2
6534
8192
-------------------
3042
Relu
1
3041
2
6534
8192
-------------------
3043
Dot
2
3042
353
2
6534
8192
2
2048
8192
-------------------
3045
Add
2
3043
354
2
6534
2048
2
6534
2048
-------------------
3046
Add
2
3012
3045
2
6534
2048
2
6534
2048
-------------------
3048
Sum
1
3046
3
99
66
2048
-------------------
3051
Divide
2
3048
3049
2
99
66
2
99
66
-------------------
3055
Subtract
2
3046
3051
3
99
66
2048
3
99
66
2048
-------------------
3056
Multiply
2
3055
3055
3
99
66
2048
3
99
66
2048
-------------------
3057
Sum
1
3056
3
99
66
2048
-------------------
3060
Divide
2
3057
3058
2
99
66
2
99
66
-------------------
3064
Add
2
3060
3194
3
99
66
1
3
99
66
1
-------------------
3065
Sqrt
1
3064
3
99
66
1
-------------------
3068
Divide
2
3055
3065
3
99
66
2048
3
99
66
2048
-------------------
3070
Multiply
2
3068
18
3
99
66
2048
3
99
66
2048
-------------------
3072
Add
2
3070
19
3
99
66
2048
3
99
66
2048
-------------------
